$SPEC_ID:
No sample description was entered.
$SPEC_REM:
DET# 1
DETDESC# LAB4C1 Easy-MCA-2k SN 20066403
AP# Maestro Version 7.01
$DATE_MEA:
11/08/2022 15:46:10
$MEAS_TIM:
1517 1520
$DATA:
0 2047
       0
       0
       0
       0
       0
       0
       0
       0
       0
       1
     284
     245
     257
     250
     263
     267
     227
     287
     278
     279
     273
     293
     264
     270
     289
     325
     277
     278
     312
     294
     284
     281
     295
     311
     313
     334
     329
     333
     359
     348
     353
     369
     378
     333
     368
     364
     358
     374
     394
     392
     355
     388
     381
     367
     389
     369
     386
     366
     364
     382
     363
     369
     411
     403
     421
     415
     414
     407
     411
     449
     427
     437
     426
     487
     480
     489
     449
     455
     490
     557
     533
     496
     568
     562
     598
     598
     605
     631
     619
     634
     677
     653
     687
     696
     725
     694
     713
     750
     738
     753
     844
     782
     851
     878
     837
     820
     869
     903
     880
     860
     884
     960
     934
     959
     933
     955
     891
     948
     937
     969
     954
     924
     919
     874
     953
     942
     987
     908
     882
     928
     872
     917
     962
     952
     899
     932
     882
     888
     943
     932
     964
     877
     929
     886
     905
     884
     892
     871
     871
     859
     876
     890
     873
     874
     846
     866
     893
     824
     859
     885
     861
     859
     865
     909
     884
     918
     895
     853
     885
     861
     863
     867
     861
     844
     864
     815
     850
     829
     809
     866
     856
     883
     901
     817
     865
     844
     877
     751
     837
     803
     786
     822
     810
     802
     789
     828
     816
     788
     758
     770
     724
     768
     802
     773
     752
     809
     734
     774
     743
     729
     703
     742
     780
     728
     730
     744
     724
     746
     730
     709
     721
     717
     769
     717
     734
     743
     708
     728
     720
     702
     767
     720
     770
     694
     749
     719
     775
     731
     744
     791
     771
     764
     743
     818
     694
     762
     780
     751
     755
     759
     734
     770
     775
     725
     833
     766
     761
     744
     761
     747
     778
     735
     731
     717
     692
     715
     706
     708
     714
     697
     705
     679
     735
     699
     694
     690
     681
     672
     688
     696
     649
     669
     595
     655
     664
     658
     608
     702
     616
     660
     615
     638
     626
     588
     613
     622
     605
     584
     589
     564
     595
     551
     604
     567
     602
     626
     611
     568
     566
     587
     531
     586
     551
     557
     589
     569
     542
     541
     584
     582
     567
     550
     584
     542
     559
     555
     549
     509
     517
     576
     512
     511
     501
     483
     463
     499
     487
     454
     445
     438
     474
     472
     440
     444
     486
     457
     433
     451
     428
     425
     405
     458
     399
     471
     451
     460
     426
     417
     413
     401
     428
     409
     411
     402
     404
     387
     380
     400
     363
     366
     364
     375
     400
     376
     384
     399
     337
     364
     368
     372
     379
     346
     376
     373
     325
     345
     367
     347
     368
     358
     363
     316
     380
     349
     315
     363
     357
     357
     362
     346
     363
     318
     375
     358
     383
     354
     353
     314
     348
     318
     320
     319
     296
     337
     354
     307
     340
     317
     337
     309
     323
     307
     340
     301
     318
     295
     346
     262
     296
     289
     250
     310
     317
     273
     291
     290
     295
     283
     263
     267
     273
     256
     302
     293
     249
     275
     272
     254
     261
     269
     254
     253
     249
     231
     232
     257
     251
     247
     235
     203
     229
     236
     239
     237
     257
     205
     186
     193
     220
     199
     202
     205
     216
     196
     189
     180
     208
     201
     187
     199
     181
     175
     204
     192
     166
     166
     161
     161
     151
     171
     158
     182
     165
     140
     142
     165
     148
     158
     138
     157
     170
     152
     160
     137
     134
     124
     141
     157
     152
     139
     134
     118
     135
     146
     137
     131
     131
     140
     132
     110
     112
     126
     116
     134
     120
     116
     120
     137
     115
     129
     122
     115
     108
     126
     111
     119
     115
     109
     100
     122
     117
     147
     119
     114
     112
     125
     132
     111
     113
     123
     109
     110
     115
     135
     126
      96
     107
     117
     135
     114
     115
     105
     135
     114
     104
     104
     109
     120
     133
     103
     123
     129
     120
     119
     113
     120
     109
     110
     108
     113
     126
     117
     136
     114
     105
     108
     122
     121
     120
     127
     123
     119
     121
     104
     107
     112
     129
     136
     133
     109
     110
     132
     136
     123
     126
     133
     140
     125
     139
     130
     160
     132
     174
     148
     140
     133
     144
     151
     157
     157
     160
     170
     184
     179
     164
     218
     232
     217
     248
     253
     252
     265
     233
     276
     296
     303
     340
     340
     325
     359
     378
     440
     403
     449
     505
     523
     505
     571
     543
     598
     564
     654
     633
     733
     746
     744
     751
     775
     829
     877
     871
     909
     963
     999
    1039
    1055
    1122
    1102
    1075
    1095
    1133
    1184
    1194
    1173
    1151
    1238
    1220
    1247
    1245
    1202
    1286
    1244
    1233
    1204
    1253
    1203
    1223
    1185
    1124
    1244
    1096
    1086
    1075
    1045
    1050
     964
    1027
     908
     908
     891
     869
     778
     778
     781
     726
     693
     675
     648
     624
     562
     542
     470
     467
     480
     410
     363
     364
     367
     346
     321
     257
     272
     246
     242
     242
     202
     195
     180
     187
     185
     171
     165
     154
     140
     122
     118
     107
     122
     115
     120
     102
      95
      79
      74
      74
      80
      77
      72
      70
      65
      74
      85
      91
      68
      75
      64
      74
      70
      65
      73
      58
      72
      76
      75
      74
      71
      75
      70
      67
      60
      78
      76
      69
      81
      80
      58
      79
      65
      68
      62
      90
      67
      65
      64
      79
      63
      88
      73
      88
      73
      68
      69
      60
      71
      87
      68
      62
      70
      71
      74
      68
      75
      71
      73
      83
      75
      78
      84
      76
      58
      72
      71
      64
      74
      79
      68
      77
      80
      61
      72
      72
      57
      67
      78
      44
      52
      73
      72
      59
      51
      65
      60
      68
      60
      62
      69
      61
      55
      65
      63
      52
      49
      57
      69
      65
      50
      69
      60
      53
      69
      53
      64
      64
      54
      55
      59
      66
      43
      46
      61
      54
      60
      54
      54
      50
      34
      52
      56
      42
      44
      59
      61
      47
      62
      55
      63
      52
      43
      49
      59
      63
      56
      70
      49
      49
      52
      49
      67
      62
      65
      69
      59
      65
      57
      48
      57
      55
      60
      70
      48
      53
      71
      62
      64
      57
      59
      61
      75
      70
      82
      52
      62
      63
      75
      61
      66
      70
      55
      75
      69
      60
      64
      62
      50
      60
      51
      71
      57
      55
      61
      64
      64
      65
      47
      55
      58
      52
      56
      60
      45
      49
      44
      62
      65
      57
      63
      49
      60
      70
      61
      68
      56
      56
      55
      62
      62
      60
      61
      52
      55
      55
      56
      55
      54
      68
      58
      44
      46
      46
      44
      45
      57
      63
      46
      54
      52
      56
      65
      41
      49
      43
      52
      37
      62
      41
      50
      52
      56
      44
      46
      53
      58
      42
      41
      50
      50
      53
      52
      48
      62
      68
      51
      49
      48
      54
      47
      56
      43
      50
      58
      65
      50
      42
      53
      43
      48
      57
      44
      49
      45
      52
      48
      51
      60
      52
      42
      52
      55
      56
      47
      37
      39
      51
      35
      41
      55
      55
      50
      52
      53
      45
      51
      45
      44
      40
      49
      42
      45
      47
      60
      36
      43
      59
      47
      42
      39
      43
      44
      54
      42
      58
      47
      48
      63
      49
      43
      54
      50
      47
      51
      48
      55
      43
      40
      51
      53
      36
      35
      42
      46
      23
      51
      49
      51
      53
      32
      30
      52
      53
      39
      39
      50
      39
      45
      38
      47
      57
      57
      41
      38
      37
      45
      49
      49
      42
      45
      36
      45
      34
      46
      54
      42
      59
      51
      50
      46
      40
      45
      37
      38
      42
      42
      49
      49
      58
      45
      42
      43
      42
      46
      57
      53
      48
      47
      47
      45
      47
      28
      49
      37
      49
      35
      57
      44
      43
      45
      51
      45
      42
      45
      45
      55
      50
      50
      48
      43
      40
      45
      47
      41
      54
      42
      51
      39
      49
      50
      41
      54
      53
      47
      47
      59
      39
      55
      44
      47
      55
      50
      35
      40
      39
      47
      40
      43
      53
      36
      52
      62
      53
      41
      53
      57
      43
      50
      43
      51
      48
      48
      47
      41
      40
      48
      52
      59
      35
      48
      32
      45
      44
      60
      45
      45
      47
      60
      43
      39
      52
      42
      62
      42
      38
      52
      54
      55
      42
      53
      53
      47
      46
      53
      42
      45
      42
      36
      34
      46
      42
      55
      45
      38
      67
      50
      63
      35
      58
      54
      56
      41
      47
      41
      46
      38
      49
      51
      54
      61
      52
      58
      49
      49
      55
      42
      37
      39
      34
      51
      48
      32
      48
      36
      59
      35
      44
      55
      61
      49
      46
      44
      38
      46
      52
      66
      39
      47
      37
      40
      57
      38
      49
      54
      46
      38
      49
      44
      40
      48
      53
      61
      32
      47
      47
      43
      35
      49
      46
      38
      34
      35
      43
      31
      49
      47
      48
      36
      39
      39
      46
      41
      32
      32
      44
      31
      48
      50
      33
      40
      37
      46
      34
      36
      34
      38
      36
      43
      38
      34
      42
      40
      26
      34
      51
      43
      31
      40
      36
      34
      54
      35
      29
      29
      29
      32
      23
      28
      35
      32
      35
      40
      30
      39
      25
      25
      30
      24
      30
      41
      34
      26
      26
      31
      24
      30
      38
      23
      30
      37
      23
      25
      33
      31
      41
      28
      33
      32
      45
      27
      28
      20
      26
      23
      32
      36
      22
      28
      20
      22
      24
      22
      30
      23
      15
      19
      20
      27
      31
      17
      24
      24
      34
      21
      34
      21
      24
      30
      17
      25
      23
      19
      17
      14
      21
      30
      28
      22
      29
      26
      26
      20
      14
      24
      13
      18
      20
      21
      22
      20
      18
      40
      25
      21
      20
      24
      21
      28
      20
      17
      20
      15
      18
      17
      14
      20
      19
      12
      27
      28
      20
      12
      21
      14
      16
      17
      28
      26
      21
      19
      18
      20
      21
      25
      24
      27
      24
      24
      22
      15
      16
      22
      17
      24
      26
      24
      23
      18
      26
      15
      25
      27
      12
      20
      17
      12
      22
      11
      16
      19
      20
      21
      21
      17
      14
      17
      16
      14
      24
      25
      16
      21
      14
      20
      19
      20
      14
      21
      23
      16
      21
      18
      15
      19
      23
      25
      22
      20
      19
      12
      32
      23
      20
      24
      21
      24
      21
      18
      25
      25
      12
      21
      16
      24
      23
      18
      31
      34
      25
      27
      30
      28
      33
      19
      26
      32
      25
      31
      24
      33
      26
      32
      30
      25
      31
      26
      35
      39
      31
      28
      42
      42
      38
      36
      30
      31
      53
      38
      40
      54
      52
      49
      56
      57
      52
      41
      65
      62
      64
      63
      79
      63
      89
      60
      64
      91
      74
      61
      91
      62
      53
      83
      78
      91
      70
      80
      81
      93
      95
      90
      86
      83
      89
     105
     103
      95
     102
     109
      92
      99
      94
     105
      86
      99
     104
     102
      88
     116
     145
     113
     108
     113
      95
     103
     119
      79
     105
     116
     119
     114
     104
     107
     121
     106
      80
     110
     127
     123
     102
     116
      91
     123
     101
      97
      93
     102
     100
     105
      88
     102
     104
      88
      83
      98
      81
      88
      79
      94
      90
      83
      80
      92
      79
      82
      79
      84
      81
      74
      69
      73
      60
      66
      75
      53
      45
      69
      61
      65
      53
      50
      51
      43
      48
      40
      42
      47
      55
      40
      39
      42
      27
      51
      46
      30
      37
      26
      48
      33
      39
      26
      25
      29
      20
      23
      23
      23
      29
      20
      28
      24
      17
      19
      20
      28
      15
      20
      20
      23
      25
      19
      20
      23
      15
      11
      14
      17
      13
      14
      14
      12
      12
      16
      12
      14
      10
      13
       8
      14
      15
      12
      16
       5
      10
      10
      17
      10
      14
      13
       9
       8
      10
       5
      11
      16
      16
      10
       9
      10
       5
      11
      15
      12
      10
       7
      14
       9
      15
      14
      14
      11
      11
      15
      12
      10
      12
       9
      12
       6
      10
      12
      13
      12
      14
      15
      17
      16
      16
      11
      17
      21
      19
      10
      16
      18
      11
      11
      16
      18
       9
      15
      17
      15
      19
      19
      15
      16
      16
      21
      12
      10
      21
      13
      21
      13
      19
      14
      24
      18
      14
      16
      28
      27
      17
      17
      17
      19
      20
      30
      12
      22
      19
      13
      20
      22
      26
      24
      23
      21
      21
      20
      23
      18
      19
      20
      17
      24
      16
      19
      24
      22
      26
      18
      22
      29
      19
      23
      19
      26
      21
      19
      25
      27
      14
      22
      18
      31
      25
      18
      24
      20
      12
      20
      13
      27
      21
      17
      19
      23
      17
      21
      20
      16
      20
      18
      25
      19
      24
      24
      13
      16
      27
      22
      15
      14
      11
      26
      21
      18
      18
      20
      22
       8
      14
      20
      18
      22
      20
      15
      11
      18
      15
      14
       9
       9
      17
      11
      12
      11
      10
      11
      16
      10
      11
      19
      13
      16
      17
       5
      13
       7
      18
      13
      16
      12
       6
      10
      11
      20
      10
      12
      14
       9
      12
       8
      15
       9
      11
      16
      12
       6
       9
       7
       7
      11
      12
      10
      11
      12
      11
       8
       7
      15
      12
       1
       0
       0
       0
       0
       0
       0
       0
       0
       0
       0
       0
       0
       0
       0
       0
       0
       0
       0
       0
       0
       0
       0
       0
       0
       0
       0
       0
       0
       0
       0
       0
       0
       0
       0
       0
       0
       0
       0
       0
       0
       0
       0
       0
       0
       0
       0
       0
       0
       0
       0
       0
       0
       0
       0
       0
       0
       0
       0
       0
       0
       0
       0
       0
       0
       0
       0
       0
       0
       0
       0
       0
       0
       0
       0
       0
       0
       0
       0
$ROI:
2
5 17
1501 1760
$PRESETS:
None
0
0
$ENER_FIT:
0.000000 0.000000
$MCA_CAL:
3
0.000000E+000 0.000000E+000 0.000000E+000 
$SHAPE_CAL:
3
0.000000E+000 0.000000E+000 0.000000E+000
