$SPEC_ID:
No sample description was entered.
$SPEC_REM:
DET# 1
DETDESC# LAB4C1 Easy-MCA-2k SN 20066403
AP# Maestro Version 7.01
$DATE_MEA:
11/08/2022 15:04:12
$MEAS_TIM:
368 370
$DATA:
0 2047
       0
       0
       0
       0
       0
       0
       0
       0
       0
       3
    1022
    1020
     828
     566
     351
     248
     186
     154
     145
     133
     152
     138
     154
     145
     159
     169
     195
     164
     194
     205
     186
     222
     280
     323
     430
     493
     745
     997
    1303
    1735
    2168
    2855
    3690
    4652
    6074
    7515
    8999
   10580
   11716
   11930
   11267
   10294
    8997
    7338
    5765
    4498
    3644
    2672
    2132
    1534
    1224
     866
     634
     479
     389
     352
     284
     275
     305
     350
     350
     358
     328
     420
     446
     499
     491
     508
     557
     536
     587
     581
     609
     583
     632
     576
     570
     564
     595
     551
     538
     553
     625
     622
     619
     678
     707
     703
     749
     779
     785
     816
     872
     854
     894
     900
     937
    1034
    1070
    1123
    1146
    1275
    1310
    1578
    1677
    1792
    2103
    2145
    2365
    2493
    2602
    2806
    2733
    2893
    2716
    2746
    2409
    2347
    1960
    1688
    1526
    1314
    1063
     869
     759
     663
     553
     498
     461
     372
     374
     353
     334
     299
     313
     376
     318
     304
     347
     367
     344
     305
     344
     338
     299
     344
     317
     328
     335
     374
     349
     337
     359
     350
     349
     370
     374
     350
     327
     369
     362
     343
     372
     334
     366
     380
     346
     339
     331
     296
     353
     355
     322
     342
     367
     371
     332
     347
     344
     360
     380
     328
     332
     366
     398
     365
     345
     363
     385
     359
     384
     370
     371
     349
     390
     429
     391
     403
     403
     371
     427
     436
     454
     450
     400
     422
     453
     399
     407
     419
     439
     429
     384
     398
     443
     414
     390
     409
     405
     377
     404
     382
     382
     403
     375
     375
     356
     367
     341
     341
     357
     358
     352
     308
     312
     307
     300
     303
     301
     304
     315
     311
     303
     306
     242
     281
     264
     272
     274
     279
     279
     248
     240
     270
     241
     259
     231
     255
     213
     217
     228
     209
     233
     247
     227
     217
     205
     224
     211
     219
     209
     202
     182
     221
     194
     217
     211
     148
     194
     206
     185
     187
     185
     198
     208
     184
     176
     179
     147
     174
     164
     155
     167
     187
     175
     177
     154
     154
     144
     145
     159
     146
     152
     166
     151
     150
     153
     154
     145
     180
     144
     152
     162
     150
     132
     164
     145
     146
     136
     148
     140
     122
     136
     121
     137
     150
     124
     143
     127
     122
     130
     134
     115
     135
     142
     126
     132
     137
     130
     136
     135
     126
     147
     133
     141
     148
     152
     179
     156
     156
     147
     177
     191
     210
     176
     227
     190
     246
     222
     232
     251
     241
     270
     233
     259
     245
     269
     287
     268
     263
     281
     297
     305
     301
     326
     319
     347
     351
     304
     340
     302
     353
     333
     350
     356
     357
     381
     383
     367
     384
     405
     429
     370
     394
     416
     408
     432
     430
     419
     401
     489
     451
     444
     444
     413
     398
     430
     413
     403
     416
     416
     391
     373
     371
     377
     351
     330
     346
     341
     344
     324
     269
     287
     316
     290
     273
     246
     240
     260
     227
     231
     201
     248
     224
     232
     240
     268
     242
     279
     277
     304
     308
     324
     328
     334
     366
     378
     408
     463
     458
     473
     509
     545
     564
     656
     656
     621
     684
     688
     804
     789
     784
     837
     819
     767
     871
     918
     878
     978
     929
     957
     981
     969
     987
     968
     960
     935
     963
     925
     856
     859
     902
     888
     833
     848
     809
     778
     673
     745
     730
     665
     665
     655
     598
     551
     524
     516
     482
     448
     479
     405
     389
     376
     359
     342
     315
     305
     299
     271
     250
     243
     227
     227
     218
     205
     190
     166
     180
     190
     153
     152
     159
     146
     124
     131
     106
     126
     113
     102
     122
      86
     107
      85
      80
      91
      75
      84
      82
      70
      61
      59
      52
      56
      57
      54
      35
      37
      40
      31
      36
      31
      33
      32
      28
      19
      20
      27
      41
      18
      23
      27
      23
      27
      22
      26
      17
      26
      15
      23
      22
      21
      21
      18
      19
      19
      21
      20
      22
      21
      16
      26
      21
      21
      14
      23
      17
      27
      14
      23
      16
      26
      17
      20
      18
      25
      24
      19
      16
      21
      20
      21
      12
      16
      17
      12
      13
      12
      17
       9
      17
      27
      11
      15
      12
      15
      19
      18
      16
      10
      17
      16
      19
      19
      12
      15
      15
      19
       9
       9
      10
      10
      10
       7
      13
      14
      15
      12
      11
       9
      12
      13
       7
       5
      11
      11
      12
      13
       7
      10
       9
      15
      14
      20
       4
       8
      12
      13
      12
      16
      17
      14
       8
      12
       7
       8
      14
       3
       8
      18
      14
      21
       9
      10
       9
       7
      10
       9
       5
      11
       9
      10
      10
       8
      15
      12
      12
       7
       8
       6
      11
      10
      16
      10
       9
       3
       6
      10
       7
       9
      11
      13
      10
       9
       9
      11
      16
       6
       5
       5
      11
       6
       8
      12
       7
       9
      12
      12
       8
       8
       5
      12
       5
       6
       5
       8
       5
      11
      11
      12
      11
       9
      15
      13
      12
      11
       9
       7
      10
      14
       4
       4
       4
       8
      15
      17
      11
      12
      10
       9
      13
      10
      11
      11
       9
       8
      15
      19
       9
       3
      17
      13
      11
      13
       9
      15
      11
      15
      12
      13
      13
      11
       9
      15
      10
       9
       9
       8
      13
      15
      16
       4
      10
       7
      13
      11
      13
      12
      12
      10
      13
      11
      10
       7
       5
      11
      12
      13
       9
       9
      13
      17
       9
      10
       6
      19
      10
      11
      14
      10
      10
       6
      14
      14
       7
      12
      10
       8
       4
       5
       5
       8
      15
       4
      10
      15
       4
       8
       8
       4
       6
       6
       9
      11
      13
       7
       7
       7
       5
       7
       8
       9
       8
       7
       6
       4
       8
      11
      11
       6
       8
       7
       7
       6
       4
       8
       4
       9
      10
       8
       9
      10
       8
       1
       7
       4
       7
       4
       7
       7
       8
       9
       4
       7
       9
       8
       7
       4
       3
       8
       7
      12
       5
       4
       8
       7
       5
       6
       8
       8
      10
       2
      12
       1
       6
       5
       6
       6
      11
       6
       9
       7
       6
       7
       6
       6
       9
       7
       3
       3
       5
       6
       3
       5
      10
       9
       5
       7
       7
       1
       5
       6
       2
       6
       3
       5
       8
       9
       4
       6
       6
       2
       6
       3
       4
       4
       4
       4
       3
       7
       8
       6
       8
       5
       4
       4
       7
       6
       4
       4
       5
       4
       6
       4
       4
       4
       5
       3
       2
       4
       3
       3
       1
       5
       4
       5
       4
       5
       7
       5
       2
       6
       3
       3
       1
       8
       6
       5
      12
       4
       4
       4
       2
       1
       2
       5
       3
       4
       6
       1
       6
       4
       5
       1
       5
       2
       8
       2
       7
       6
       4
       6
       7
       7
       7
       8
       7
       3
       5
       0
       5
       4
       2
       7
       5
       5
       6
       4
       4
       1
       4
       4
      10
       6
       3
       3
       6
       7
       4
       5
       5
       3
       4
       3
       1
       8
       3
       1
       9
       5
       4
       7
       2
       5
       5
       3
       7
       5
       9
       4
       4
       3
       3
       3
       5
       6
       2
       2
       8
       5
       2
       6
       1
       3
       2
       5
       4
       4
       1
       6
       5
       5
       7
       3
       5
       3
       0
       2
       3
       1
       7
       3
       2
       1
       5
       5
       2
       5
       4
       1
       4
       5
       3
       1
       3
       4
       1
       3
       5
       2
       2
       6
       4
       2
       8
       5
       3
       1
       2
       4
       3
       7
       2
       4
       6
       2
       4
       6
       6
       2
       4
       4
       2
       5
       3
       2
       5
       7
       4
       5
       5
       5
       4
       9
       3
       5
       1
       3
       2
       5
       6
       5
       4
       7
       1
       6
       2
       0
       7
       2
       7
       6
       3
       5
       3
       7
       4
       5
       4
       6
       2
       3
       2
       5
       7
       1
       4
       5
       4
       7
       5
       1
       3
       5
       3
       3
       5
       3
       5
       7
       1
       2
       6
       3
       0
       8
       6
       4
       4
       2
       3
       5
       4
       4
       5
       5
       1
       3
       2
       3
       8
       2
       4
       3
       6
       4
       0
       3
       4
       6
       3
       4
       6
       2
       3
       8
       3
       2
       5
       4
       3
       2
       3
       8
       8
       6
       5
      11
       4
       5
       8
       6
       3
       2
       5
       7
       3
       3
       2
       3
       2
       5
       3
       2
       2
       2
       1
       3
       4
       5
       1
       5
       2
       6
       3
       4
       0
       6
       1
       2
       4
       4
       6
       3
       2
       6
       6
       4
       1
       5
       1
       4
       5
       3
       3
       4
       3
       4
       3
       3
       5
       8
       4
       4
       1
       2
       3
       4
       8
       4
       3
       2
       4
       5
       2
       1
       3
       3
       7
       2
       3
       2
       2
       2
       0
       4
       4
       5
       3
       1
       2
       7
       3
       1
       1
       2
       0
       3
       2
       1
       3
       4
       1
       4
       6
       5
       3
       5
       4
       3
       3
       1
       2
       3
       2
       2
       2
       5
       4
       0
       2
       1
       4
       1
       0
       4
       2
       3
       2
       3
       2
       1
       1
       6
       2
       2
       1
       1
       1
       1
       5
       3
       1
       2
       0
       1
       2
       2
       5
       0
       2
       4
       4
       5
       2
       3
       7
       8
       3
       3
       2
       5
       3
       4
       3
       3
       6
       6
       2
       3
       3
       3
       2
       4
       5
       2
       2
       2
       4
       2
       3
       5
       6
       1
       5
       2
       5
       4
       3
       2
       1
       2
       3
       3
       2
       3
       3
       1
       3
       4
       2
       3
       5
       5
       4
       3
       2
       6
       2
       7
       6
       1
       4
       5
       3
       2
       4
       5
       3
       1
       2
       2
       0
       2
       2
       3
       5
       1
       5
       6
       1
       0
       3
       0
       1
       5
       3
       3
       3
       3
       5
       0
       3
       2
       1
       5
       4
       1
       3
       0
       8
       5
       0
       2
       3
       2
       4
       8
       2
       2
       3
       2
       3
       3
       3
       2
       2
       5
       1
       1
       2
       3
       4
       1
       2
       0
       4
       1
       6
       2
       0
       4
       1
       2
       5
       7
       3
       3
       6
       1
       4
       5
       4
       3
       6
       3
       0
       1
       4
       2
       5
       1
       2
       2
       3
       3
       0
       5
       2
       1
       3
       1
       4
       3
       5
       1
       5
       3
       5
       1
       1
       1
       2
       5
       1
       1
       1
       1
       0
       4
       3
       2
       5
       5
       1
       3
       2
       2
       1
       3
       2
       4
       3
       3
       2
       3
       2
       2
       1
       3
       0
       4
       2
       0
       0
       1
       0
       3
       5
       3
       1
       4
       5
       1
       2
       3
       3
       2
       0
       3
       3
       1
       7
       0
       1
       2
       2
       1
       1
       3
       3
       5
       0
       0
       0
       1
       0
       3
       2
       1
       3
       2
       0
       3
       0
       2
       3
       4
       3
       3
       5
       1
       0
       1
       2
       2
       1
       4
       1
       3
       3
       2
       2
       3
       0
       1
       2
       0
       2
       0
       0
       2
       1
       2
       2
       1
       4
       2
       2
       2
       0
       2
       2
       3
       4
       1
       1
       5
       2
       0
       0
       1
       0
       0
       1
       1
       0
       1
       1
       0
       1
       2
       2
       5
       4
       1
       1
       0
       1
       3
       2
       2
       2
       0
       1
       1
       0
       5
       1
       0
       0
       2
       0
       0
       2
       0
       3
       1
       1
       1
       2
       1
       1
       2
       1
       2
       3
       3
       2
       1
       1
       0
       2
       1
       1
       1
       2
       3
       1
       2
       1
       0
       0
       2
       2
       2
       3
       1
       2
       2
       1
       1
       1
       0
       0
       4
       2
       0
       1
       1
       3
       0
       1
       0
       0
       1
       1
       2
       3
       1
       0
       4
       2
       3
       0
       3
       2
       2
       5
       1
       3
       1
       4
       0
       1
       0
       2
       3
       2
       1
       3
       0
       1
       1
       2
       2
       2
       2
       3
       2
       2
       0
       2
       2
       5
       4
       3
       2
       0
       3
       2
       3
       5
       1
       4
       1
       2
       2
       2
       4
       3
       2
       1
       2
       3
       4
       4
       2
       5
       3
       2
       4
       2
       2
       3
       3
       5
       2
       3
       3
       2
       4
       3
       4
       2
       4
       3
       6
       3
       4
       1
       5
       5
       4
       2
       1
       5
       5
       5
       2
       7
       4
       5
       4
       5
       4
       4
       0
       6
       4
       5
       3
       2
       6
       4
       4
       4
       3
       3
       8
       4
       9
       4
       7
       4
       4
       5
       2
       6
       1
       5
       5
       3
       2
       6
       5
       3
       4
       2
       4
       7
       2
       5
       5
       4
       4
       1
       3
       5
       1
       1
       5
       5
       3
       7
       4
       5
       2
       3
       3
       4
       2
       0
       3
       1
       1
       2
       0
       2
       2
       4
       4
       4
       6
       2
       3
       3
       3
       1
       1
       2
       0
       5
       0
       0
       3
       4
       3
       1
       3
       0
       2
       2
       5
       1
       2
       0
       1
       3
       1
       4
       3
       0
       3
       0
       1
       2
       2
       1
       1
       2
       0
       3
       1
       0
       2
       2
       0
       0
       1
       1
       0
       0
       0
       0
       0
       0
       0
       0
       0
       0
       0
       0
       0
       0
       0
       0
       0
       0
       0
       0
       0
       0
       0
       0
       0
       0
       0
       0
       0
       0
       0
       0
       0
       0
       0
       0
       0
       0
       0
       0
       0
       0
       0
       0
       0
       0
       0
       0
       0
       0
       0
       0
       0
       0
       0
       0
       0
       0
       0
       0
       0
       0
       0
       0
       0
       0
       0
       0
       0
       0
       0
       0
       0
       0
       0
       0
       0
       0
$ROI:
0
$PRESETS:
None
0
0
$ENER_FIT:
0.000000 0.000000
$MCA_CAL:
3
0.000000E+000 0.000000E+000 0.000000E+000 
$SHAPE_CAL:
3
0.000000E+000 0.000000E+000 0.000000E+000
