$SPEC_ID:
No sample description was entered.
$SPEC_REM:
DET# 1
DETDESC# LAB4C1 Easy-MCA-2k SN 20066403
AP# Maestro Version 7.01
$DATE_MEA:
11/08/2022 16:26:24
$MEAS_TIM:
271 276
$DATA:
0 2047
       0
       0
       0
       0
       0
       0
       0
       0
       1
       4
     279
     223
     244
     270
     298
     309
     356
     429
     561
     804
    1098
    1490
    2026
    2623
    3400
    4282
    5462
    6683
    7882
    8612
    8833
    8806
    8705
    8988
    9412
    9440
    9541
    8966
    8624
    8384
    8164
    7950
    8109
    7901
    7906
    7695
    7340
    7522
    7119
    6725
    5906
    5108
    3979
    2950
    2130
    1420
     973
     633
     534
     410
     444
     409
     484
     611
     679
     872
    1114
    1248
    1521
    1941
    2351
    2812
    3431
    4089
    4865
    5629
    6387
    7266
    8090
    9599
   10785
   12455
   14136
   16379
   19204
   22047
   25620
   29687
   33169
   36613
   38723
   40685
   40789
   39564
   37058
   33489
   29132
   23994
   19355
   15123
   11139
    8034
    5537
    3804
    2513
    1543
     980
     640
     450
     315
     243
     237
     200
     187
     208
     242
     206
     228
     219
     217
     244
     215
     235
     210
     200
     188
     212
     197
     198
     198
     194
     186
     184
     180
     187
     168
     185
     207
     183
     197
     188
     178
     189
     198
     185
     181
     198
     162
     205
     200
     198
     197
     202
     182
     165
     197
     169
     180
     148
     155
     154
     162
     153
     151
     139
     145
     163
     179
     169
     149
     178
     157
     168
     162
     153
     136
     168
     143
     141
     145
     164
     150
     143
     133
     125
     133
     127
     132
     121
     117
     111
      99
      84
     102
     106
      98
      90
      91
     106
     110
      93
     100
      90
      86
      80
     100
     106
     101
      79
      90
      90
      85
      87
     108
     105
      73
      73
      79
      79
      71
      76
      86
      71
      95
      66
      78
      78
      74
      84
      62
      90
      77
      77
      85
      77
      79
      85
      87
      71
      88
      62
      85
      67
      83
      68
      68
      62
      60
      71
      73
      78
      64
      60
      79
      70
      67
      57
      73
      57
      75
      67
      73
      63
      60
      64
      37
      76
      55
      49
      55
      54
      62
      49
      55
      51
      59
      53
      63
      56
      50
      48
      67
      58
      46
      52
      53
      65
      62
      49
      49
      47
      40
      52
      60
      58
      43
      63
      52
      51
      53
      48
      51
      53
      55
      31
      44
      55
      47
      54
      50
      45
      48
      54
      46
      57
      46
      44
      46
      41
      56
      44
      45
      32
      48
      50
      31
      47
      44
      52
      36
      58
      41
      46
      51
      45
      46
      51
      38
      33
      40
      36
      41
      34
      37
      25
      31
      38
      30
      28
      27
      33
      29
      33
      35
      33
      32
      35
      26
      42
      40
      32
      27
      35
      16
      31
      39
      29
      35
      25
      22
      37
      25
      21
      29
      19
      21
      26
      26
      19
      32
      22
      27
      36
      32
      30
      23
      37
      28
      25
      28
      18
      26
      33
      41
      26
      17
      29
      29
      34
      16
      25
      27
      21
      29
      24
      20
      22
      29
      26
      24
      21
      26
      20
      23
      23
      29
      20
      16
      23
      30
      25
      32
      25
      19
      17
      27
      30
      21
      14
      22
      21
      24
      24
      13
      30
      12
      20
      21
      25
      17
      19
      27
      15
      15
      23
      14
      22
      20
      24
      28
      17
      25
      21
      28
      19
      14
      22
      23
      14
      24
      22
      23
      21
      17
      14
      19
      19
      14
      19
      19
      22
      16
      12
      18
      19
      17
      21
      14
      16
      21
      17
      16
      10
      21
      13
      17
      18
      24
      14
      14
      13
      15
      13
      11
      16
      15
      15
      17
      15
      20
      11
      12
      20
      11
      16
      11
       6
      11
      20
       4
      14
      14
      11
      11
       7
      18
      10
       3
      13
       9
      24
      15
      13
      10
      12
       8
      12
       7
      13
      14
      11
      11
      14
       9
       8
      15
      13
       5
       9
      11
      15
       8
      17
       7
       7
      14
      16
      10
       8
      15
       7
       7
       7
       9
       9
      14
      10
      17
       9
       2
       7
      15
      11
      10
      10
      12
       3
      10
       7
      10
      11
       6
       9
       8
       7
      12
       8
      11
       2
      12
      14
      11
      11
       6
       8
       7
       9
      15
      11
      13
       9
       8
       7
       6
       8
       7
       8
       7
       5
       9
       8
       8
       9
      10
       8
       7
       8
      10
       8
       9
      10
       7
       6
      13
       8
      10
      12
       7
       9
       9
       8
       9
       7
       9
       6
       5
       8
      11
      12
       7
       7
       5
      12
      12
       5
       4
       8
       9
       8
      18
      12
       7
       6
      13
       6
       5
       5
       7
       8
       9
       7
      11
       7
       3
       4
       6
      10
       9
       3
      10
      11
      12
       4
       8
       4
       7
      10
       7
       3
       4
       7
      12
       9
       5
       7
       7
       5
       6
       5
       7
       6
       3
       2
       8
       7
       7
       4
      12
       6
       8
       7
       3
       6
       8
       7
       6
       6
       7
       7
       6
       6
       8
      10
       2
       7
       4
       6
       5
       9
       3
       8
       2
       6
       7
       4
       6
       9
       8
       5
       7
       2
       1
       4
       7
       4
       4
       9
       3
       6
       7
       7
       6
       7
       8
      10
       7
       3
       4
       5
       5
       4
       9
       7
      14
       7
       1
       8
      10
       4
      13
       8
       7
       2
       9
       7
       9
       9
       5
       7
       4
      11
      12
       5
       3
       9
      13
       6
       6
       7
       4
       7
       7
       6
       7
       7
       8
       8
       3
       7
      10
       5
       6
      10
       7
       7
       7
      14
      14
       7
       8
       4
      11
       6
       7
       8
       7
      10
       5
      10
       5
       9
       9
       8
       5
       5
       8
       6
       9
       9
       4
       5
       5
       3
      12
       3
       7
       5
       7
       8
       3
       4
       6
       7
       5
       8
       7
       9
       5
       5
       4
       9
       2
       4
       5
       3
       6
       3
       6
       5
       3
       6
       4
       5
       1
       4
       5
       5
       4
       7
       4
       9
       4
       4
       7
       5
       6
       3
       5
       5
       4
       5
       5
       8
       2
       7
       8
       6
       7
       3
       8
       4
       2
       3
       2
       3
       3
       4
       4
       5
       1
       6
       3
       3
       3
       3
       4
       6
       8
       8
       4
       1
       3
       2
       2
       2
       4
       5
       6
       4
       5
       7
       1
       4
       2
       0
       5
       3
       6
       2
       5
       5
       2
       8
       2
       4
       6
       3
       4
       4
       6
       2
       2
       3
       0
       1
       3
       1
       4
       5
       6
       3
       3
       4
       2
       4
       1
       3
       4
       3
       2
       3
       2
       6
       2
       1
       6
       1
       3
       9
       2
       6
       5
       5
       2
       4
       1
       2
       5
       2
       4
       1
       5
       2
       5
       4
       5
       2
       4
       3
       3
       3
       3
       2
       3
       3
       2
       4
       2
       6
       1
       3
       4
       3
       1
       1
       2
       4
       3
       4
       1
       4
       3
       5
       5
       8
       4
       2
       5
       2
       7
       6
       7
       2
       3
       3
       7
       2
       5
       2
       3
       3
       5
       5
       3
       3
       2
       4
       1
       5
       4
       3
       0
       5
       1
       2
       2
       2
       4
       9
       5
       7
       2
       7
       5
       2
       3
       3
       3
       4
       4
       6
       1
       4
       6
       3
       3
       3
       2
       2
       4
       3
       2
       2
       3
       2
       1
       0
       3
       2
       5
       2
       1
       7
       2
      10
       2
       3
       3
       4
       3
       2
       2
       3
       3
       3
       4
       1
       2
       3
       1
       7
       2
       1
       2
       1
       3
       0
       2
       2
       2
       4
       2
       3
       2
       3
       2
       4
       2
       3
       1
       0
       2
       1
       2
       0
       1
       0
       3
       3
       0
       4
       3
       1
       3
       1
       2
       0
       4
       3
       6
       3
       7
       3
       2
       5
       3
       2
       6
       2
       2
       3
       3
       2
       3
       0
       5
       0
       6
       1
       2
       3
       7
       2
       3
       1
       1
       2
       5
       3
       4
       1
       4
       5
       2
       3
       4
       3
       3
       3
       3
       1
       0
       2
       2
       0
       2
       4
       2
       4
       7
       2
       2
       0
       3
       2
       2
       1
       1
       6
       4
       5
       4
       4
       4
       3
       3
       3
       3
       3
       2
       6
       1
       5
       3
       3
       3
       5
       5
       1
       1
       4
       4
       5
       4
       2
       3
       5
       0
       7
       1
       2
       3
       3
       3
       5
       2
       3
       0
       3
       1
       5
       4
       0
       3
       3
       2
       2
       2
       2
       2
       5
       4
       1
       1
       2
       1
       2
       2
       4
       1
       1
       1
       3
       1
       3
       2
       2
       3
       3
       1
       3
       0
       1
       2
       2
       0
       2
       3
       5
       0
       3
       3
       1
       0
       5
       2
       3
       0
       1
       3
       4
       0
       2
       1
       3
       1
       3
       0
       3
       2
       0
       1
       2
       3
       1
       0
       2
       1
       3
       2
       0
       1
       4
       1
       0
       3
       2
       0
       2
       4
       1
       3
       1
       2
       2
       2
       1
       3
       1
       4
       2
       4
       2
       2
       0
       2
       3
       5
       0
       1
       1
       1
       4
       2
       2
       3
       2
       2
       1
       1
       0
       1
       2
       1
       3
       3
       2
       3
       1
       1
       0
       0
       2
       3
       3
       0
       4
       2
       1
       4
       0
       2
       5
       2
       0
       2
       2
       4
       1
       2
       4
       1
       2
       2
       2
       2
       4
       0
       0
       0
       3
       4
       2
       0
       0
       1
       1
       4
       2
       4
       5
       1
       2
       3
       0
       1
       4
       1
       3
       0
       2
       2
       1
       1
       1
       1
       0
       2
       0
       2
       1
       3
       1
       1
       5
       3
       7
       2
       2
       3
       5
       2
       2
       0
       3
       2
       1
       1
       2
       1
       0
       2
       1
       0
       2
       1
       2
       1
       3
       1
       1
       2
       2
       2
       4
       4
       2
       2
       3
       4
       5
       1
       1
       2
       3
       1
       2
       1
       0
       2
       1
       4
       1
       4
       0
       4
       2
       2
       2
       4
       2
       0
       0
       2
       0
       1
       1
       2
       2
       1
       3
       1
       3
       1
       5
       1
       2
       0
       3
       0
       4
       2
       1
       1
       3
       1
       3
       1
       1
       2
       3
       3
       2
       1
       2
       1
       2
       0
       1
       2
       2
       2
       3
       1
       1
       0
       0
       1
       2
       4
       5
       3
       3
       0
       4
       0
       1
       2
       1
       3
       3
       2
       3
       1
       1
       2
       3
       2
       1
       3
       2
       2
       1
       0
       1
       1
       1
       3
       1
       1
       4
       1
       1
       3
       1
       4
       0
       0
       2
       2
       1
       2
       0
       0
       2
       3
       1
       1
       0
       2
       4
       1
       2
       2
       4
       2
       0
       2
       2
       1
       1
       1
       0
       0
       2
       1
       2
       2
       1
       1
       1
       0
       0
       2
       3
       1
       2
       1
       0
       2
       1
       0
       1
       1
       1
       3
       0
       1
       2
       1
       1
       0
       1
       0
       0
       1
       1
       1
       0
       2
       1
       0
       1
       2
       0
       1
       0
       0
       2
       2
       5
       0
       0
       1
       1
       0
       2
       0
       1
       2
       1
       1
       2
       0
       1
       1
       0
       1
       0
       0
       0
       1
       1
       1
       3
       0
       0
       0
       2
       2
       0
       0
       1
       1
       5
       2
       0
       2
       1
       0
       1
       2
       1
       0
       1
       1
       0
       1
       1
       0
       3
       3
       1
       1
       4
       0
       0
       0
       1
       1
       0
       2
       0
       3
       2
       1
       2
       2
       3
       0
       0
       0
       1
       1
       0
       1
       1
       0
       1
       2
       2
       0
       0
       3
       1
       1
       0
       0
       2
       0
       0
       1
       1
       1
       5
       2
       0
       1
       0
       1
       0
       1
       1
       0
       4
       2
       1
       0
       1
       0
       3
       1
       2
       0
       1
       1
       2
       1
       0
       2
       2
       0
       1
       0
       0
       2
       0
       0
       2
       2
       1
       1
       1
       1
       3
       1
       1
       2
       1
       0
       1
       0
       2
       4
       0
       0
       1
       0
       0
       0
       1
       1
       0
       1
       0
       2
       0
       0
       0
       3
       1
       1
       2
       2
       1
       4
       1
       0
       3
       1
       3
       0
       0
       0
       0
       2
       0
       2
       0
       1
       6
       0
       1
       2
       1
       1
       1
       2
       1
       1
       2
       3
       0
       0
       5
       2
       5
       2
       4
       3
       5
       3
       4
       3
       3
       0
       0
       1
       5
       4
       4
       4
       3
       1
       2
       4
       7
       5
       1
       1
       3
       4
       4
       2
       2
       4
       1
       6
       1
       4
       3
       4
       1
       7
       4
       8
       1
       5
       5
       5
       4
       3
       5
       0
       5
       3
       1
       2
       2
       5
       5
       1
       0
       3
       1
       2
       0
       0
       0
       9
       1
       3
       4
       4
       3
       2
       5
       1
       2
       1
       0
       3
       3
       2
       1
       2
       3
       2
       1
       3
       3
       0
       7
       2
       4
       2
       1
       2
       0
       1
       1
       1
       0
       2
       0
       1
       1
       0
       2
       0
       1
       3
       0
       1
       0
       0
       1
       3
       2
       2
       3
       1
       1
       2
       1
       1
       0
       1
       0
       1
       0
       1
       1
       0
       0
       0
       0
       0
       0
       0
       0
       0
       0
       0
       0
       1
       0
       0
       0
       0
       0
       0
       0
       4
       0
       1
       1
       1
       0
       0
       0
       0
       0
       0
       0
       0
       0
       0
       0
       0
       0
       0
       0
       0
       0
       0
       0
       0
       0
       0
       0
       0
       0
       0
       0
       0
       0
       0
       0
       0
       0
       0
       0
       0
       0
       0
       0
       0
       0
       0
       0
       0
       0
       0
       0
       0
       0
       0
       0
       0
       0
       0
       0
       0
       0
       0
       0
       0
       0
       0
       0
       0
       0
       0
       0
       0
       0
       0
       0
       0
       0
       0
       0
       0
       0
       0
       0
       0
$ROI:
0
$PRESETS:
None
0
0
$ENER_FIT:
0.000000 0.000000
$MCA_CAL:
3
0.000000E+000 0.000000E+000 0.000000E+000 
$SHAPE_CAL:
3
0.000000E+000 0.000000E+000 0.000000E+000
