$SPEC_ID:
No sample description was entered.
$SPEC_REM:
DET# 1
DETDESC# LAB4C1 Easy-MCA-2k SN 20066403
AP# Maestro Version 7.01
$DATE_MEA:
11/08/2022 15:21:05
$MEAS_TIM:
233 235
$DATA:
0 2047
       0
       0
       0
       0
       0
       0
       0
       0
       0
       1
     795
     760
     599
     436
     250
     180
     143
     103
      98
     108
     107
     112
     102
     121
     114
     128
     132
     126
     149
     146
     150
     168
     205
     232
     314
     407
     538
     723
     954
    1255
    1670
    2081
    2873
    3565
    4481
    5608
    6932
    7905
    8466
    8541
    8347
    7657
    6534
    5356
    4166
    3302
    2551
    1957
    1511
    1133
     864
     641
     442
     361
     299
     250
     242
     234
     212
     207
     235
     270
     300
     298
     351
     359
     356
     342
     394
     408
     460
     453
     433
     418
     442
     426
     448
     410
     423
     413
     425
     399
     402
     446
     488
     474
     491
     505
     554
     530
     589
     585
     604
     641
     677
     642
     675
     732
     757
     818
     845
     926
     984
    1119
    1273
    1400
    1531
    1618
    1698
    1861
    2017
    2031
    2146
    2127
    1997
    1895
    1784
    1653
    1415
    1250
    1119
     922
     752
     617
     487
     442
     357
     350
     280
     275
     259
     236
     228
     221
     205
     222
     226
     214
     224
     201
     210
     239
     204
     221
     217
     221
     249
     242
     246
     249
     204
     228
     226
     224
     246
     245
     235
     276
     227
     233
     262
     217
     268
     256
     245
     244
     232
     232
     227
     219
     262
     225
     228
     221
     254
     246
     242
     249
     218
     237
     249
     243
     227
     254
     263
     231
     239
     259
     267
     261
     280
     243
     238
     255
     279
     275
     285
     300
     286
     265
     273
     238
     297
     292
     261
     270
     267
     283
     322
     258
     307
     276
     274
     281
     282
     268
     297
     286
     285
     290
     270
     270
     249
     243
     256
     276
     243
     245
     277
     260
     219
     232
     217
     219
     207
     238
     220
     189
     249
     193
     212
     198
     181
     205
     198
     169
     209
     178
     191
     193
     192
     174
     176
     174
     187
     169
     173
     157
     181
     161
     149
     160
     165
     157
     162
     154
     156
     143
     135
     155
     128
     158
     137
     146
     146
     129
     129
     144
     117
     138
     123
     115
     123
     120
     133
      99
     104
     113
     128
     130
     112
     145
      94
      89
     107
     118
     107
     101
      98
      99
     124
     115
     110
     111
     113
     105
      99
     101
     101
      91
      97
     124
     110
      97
      80
      83
      85
      84
     101
      81
      94
      75
      96
      93
      93
      82
      78
      94
      83
      77
      80
      78
      74
     102
      96
      95
      83
     117
      78
      92
      91
     104
      97
     100
      88
     107
     103
     126
     112
     147
     135
     122
     135
     133
     126
     169
     165
     165
     155
     168
     149
     168
     178
     211
     161
     208
     200
     207
     176
     215
     183
     203
     241
     210
     248
     236
     240
     241
     243
     225
     243
     235
     244
     218
     270
     268
     263
     271
     274
     270
     284
     295
     311
     295
     296
     319
     315
     294
     293
     305
     309
     310
     295
     281
     298
     323
     311
     295
     318
     285
     283
     294
     255
     254
     247
     216
     263
     222
     255
     194
     220
     203
     185
     180
     202
     185
     162
     182
     187
     155
     167
     156
     164
     184
     175
     177
     190
     180
     209
     188
     215
     230
     256
     253
     308
     274
     319
     345
     354
     357
     388
     393
     422
     466
     479
     492
     498
     531
     540
     597
     534
     607
     628
     623
     660
     694
     677
     653
     713
     684
     690
     714
     689
     677
     679
     676
     717
     679
     690
     732
     634
     646
     623
     574
     565
     565
     572
     555
     522
     531
     490
     496
     438
     403
     407
     378
     350
     373
     311
     288
     273
     266
     276
     270
     249
     184
     202
     204
     191
     187
     169
     173
     157
     172
     145
     125
     121
     137
     122
     120
     125
      99
      94
      87
      86
      85
      78
      90
     100
      74
      64
      75
      55
      57
      39
      51
      51
      51
      46
      44
      32
      34
      34
      31
      29
      33
      35
      30
      28
      29
      24
      27
      22
      17
      19
      20
      15
      15
      15
      11
      19
       9
      18
      18
      19
      16
      19
      12
      21
      16
      13
      12
      12
      14
      11
      12
      18
      21
      18
      12
      15
      11
      12
      16
      19
      13
      10
      18
      11
      11
      15
       7
      12
      18
      14
      13
      12
      17
       6
      14
      11
       9
       8
       8
      10
      14
      13
      13
      13
      11
      12
       8
      14
       8
       6
      16
      11
      14
       9
      10
      18
       9
       4
       6
       9
       3
       6
      10
      16
       8
      12
      12
       2
      10
      10
       5
       5
       8
       5
      11
       7
       7
       6
       5
       7
       7
       7
       6
       8
       4
       8
       6
       8
       9
       5
       4
      10
      13
       3
       6
       3
       8
       7
       5
       4
       9
       3
       6
       7
       6
       6
      12
       5
      12
       5
       6
       5
       4
       8
       6
       9
       7
       8
       7
       3
       7
       4
       9
      10
       7
      10
       7
      10
       6
      10
       4
       5
       8
      10
       6
       2
       6
       5
      10
       3
       6
       3
       8
       3
       4
       5
       3
       6
       6
       4
       6
       6
       7
       4
       9
       3
       5
       5
       3
       6
       2
       5
       2
       5
       9
       6
       1
       3
       7
       5
       5
       3
       6
       7
       6
       8
       6
      12
       5
       4
       5
       7
       3
       8
       3
       5
       7
       5
       7
       4
       6
      12
       4
       6
       6
       9
       4
       7
      10
       7
       3
       7
       7
      10
      12
       4
       5
       3
       4
       5
       8
       7
       5
       9
       9
       8
       6
       7
      12
       7
       7
      11
       5
       6
      10
       8
       4
       6
       8
       5
       8
       7
       1
       9
       8
       8
       8
       4
       8
       6
      12
       7
       8
       6
       8
       4
       5
       7
       3
       6
       6
      10
       1
       3
       5
       4
       2
       4
       4
       9
       6
       2
       8
       5
       7
      10
       4
       6
       1
       5
       4
       5
       8
       4
       2
       3
       4
       5
       3
       6
       8
       7
       3
       4
       3
       4
       5
       3
       8
       2
       6
       4
       2
       0
       3
       5
       4
       5
       1
       8
       4
       3
       2
       3
       5
       3
       3
       6
       7
       4
       2
       4
       3
       1
       1
       1
       7
       8
       3
       2
       4
       4
       1
       2
       5
       5
       5
       3
       2
       1
       0
       2
       2
       3
       2
       6
       6
       3
       3
       3
       3
       3
       3
       2
       2
       1
       5
       2
       2
       0
       4
       4
       3
       2
       5
       4
       3
       3
       2
       4
       1
       6
       2
       2
       4
       3
       3
       2
       4
       6
       3
       2
       1
       3
       3
       4
       4
       5
       4
       2
       5
       2
       6
       3
       0
       2
       3
       1
       4
       4
       2
       4
       3
       0
       5
       3
       3
       5
       4
       2
       3
       2
       3
       4
       2
       4
       2
       2
       1
       3
       6
       2
       4
       5
       6
       0
       3
       2
       1
       4
       6
       4
       2
       6
       1
       2
       4
       2
       3
       3
       2
       3
       4
       5
       2
       3
       3
       2
       2
       2
       4
       2
       1
       4
       1
       1
       1
       6
       2
       5
       4
       1
       4
       5
       1
       1
       4
       2
       2
       4
       2
       3
       2
       5
       4
       3
       3
       2
       1
       2
       3
       0
       2
       8
       0
       6
       3
       1
       4
       1
       3
       1
       4
       1
       2
       2
       4
       1
       0
       3
       2
       1
       1
       2
       2
       6
       1
       3
       5
       0
       2
       3
       3
       2
       4
       6
       2
       4
       0
       2
       2
       3
       5
       2
       3
       4
       2
       1
       6
       1
       1
       0
       2
       3
       1
       2
       1
       3
       1
       4
       0
       2
       2
       6
       3
       1
       1
       5
       0
       3
       2
       4
       4
       1
       0
       1
       3
       3
       6
       4
       4
       3
       2
       2
       4
       3
       1
       2
       4
       5
       3
       5
       2
       4
       3
       4
       2
       4
       5
       2
       4
       3
       2
       2
       3
       1
       1
       4
       2
       3
       3
       5
       3
       2
       0
       4
       2
       1
       1
       2
       1
       3
       4
       2
       2
       2
       2
       3
       2
       1
       3
       1
       4
       8
       6
       3
       4
       2
       2
       3
       4
       4
       2
       2
       5
       1
       2
       1
       5
       3
       2
       2
       2
       5
       4
       6
       2
       4
       4
       1
       1
       1
       2
       1
       4
       0
       1
       3
       4
       0
       4
       1
       3
       1
       2
       3
       8
       2
       4
       1
       2
       3
       2
       3
       7
       2
       3
       2
       2
       0
       2
       3
       2
       0
       1
       3
       2
       3
       0
       3
       4
       3
       1
       0
       3
       4
       3
       3
       3
       1
       1
       2
       2
       1
       2
       1
       5
       1
       2
       1
       2
       0
       3
       6
       1
       0
       3
       3
       1
       4
       3
       2
       3
       0
       1
       2
       6
       1
       2
       0
       3
       3
       3
       2
       1
       2
       1
       1
       0
       1
       0
       0
       1
       2
       2
       3
       3
       1
       3
       0
       4
       1
       3
       0
       2
       0
       2
       3
       3
       6
       1
       0
       3
       0
       1
       1
       1
       1
       2
       4
       0
       2
       4
       2
       1
       2
       3
       1
       0
       0
       3
       4
       1
       0
       1
       2
       0
       2
       2
       2
       2
       1
       1
       1
       3
       2
       3
       4
       2
       1
       1
       3
       0
       1
       2
       4
       0
       2
       3
       1
       1
       2
       6
       2
       0
       1
       2
       1
       1
       3
       0
       1
       1
       4
       2
       1
       3
       2
       2
       3
       0
       1
       2
       5
       5
       0
       3
       2
       1
       1
       4
       2
       0
       3
       2
       2
       1
       1
       3
       1
       2
       2
       2
       1
       1
       2
       1
       0
       2
       2
       1
       1
       4
       0
       4
       2
       2
       2
       3
       2
       0
       5
       2
       3
       1
       0
       0
       2
       3
       1
       1
       5
       3
       1
       3
       1
       3
       0
       0
       1
       2
       3
       1
       1
       0
       1
       2
       3
       3
       2
       2
       1
       0
       1
       3
       3
       3
       2
       1
       2
       3
       1
       2
       2
       2
       0
       1
       3
       2
       2
       1
       2
       1
       0
       2
       1
       2
       0
       3
       2
       1
       3
       5
       0
       0
       4
       0
       0
       0
       3
       2
       1
       2
       2
       2
       1
       1
       0
       0
       2
       0
       0
       2
       1
       4
       1
       3
       4
       4
       1
       1
       1
       1
       2
       2
       3
       1
       1
       0
       2
       1
       3
       1
       2
       2
       1
       0
       3
       0
       0
       0
       3
       1
       0
       1
       2
       1
       0
       1
       1
       2
       0
       4
       0
       1
       1
       4
       2
       4
       2
       2
       2
       1
       4
       1
       2
       1
       4
       1
       2
       3
       2
       2
       3
       1
       1
       1
       1
       0
       1
       1
       0
       2
       1
       1
       0
       4
       0
       0
       2
       1
       2
       1
       1
       2
       3
       1
       0
       0
       0
       1
       2
       0
       1
       2
       0
       1
       0
       0
       0
       2
       1
       0
       1
       1
       2
       0
       1
       0
       1
       0
       1
       0
       0
       0
       1
       1
       0
       3
       0
       1
       0
       1
       1
       3
       0
       1
       2
       3
       0
       0
       0
       0
       2
       0
       2
       2
       0
       2
       0
       0
       0
       1
       0
       1
       0
       1
       0
       1
       2
       2
       1
       1
       1
       1
       0
       2
       3
       1
       0
       1
       0
       1
       0
       0
       0
       0
       1
       2
       0
       0
       0
       0
       1
       0
       0
       0
       0
       1
       0
       1
       0
       0
       0
       1
       0
       1
       0
       1
       2
       2
       0
       2
       0
       0
       0
       1
       0
       1
       0
       0
       2
       0
       2
       1
       1
       0
       0
       0
       1
       1
       3
       0
       1
       0
       0
       1
       0
       0
       0
       1
       0
       3
       0
       2
       1
       0
       0
       1
       1
       0
       2
       0
       0
       1
       0
       1
       1
       0
       2
       1
       0
       2
       0
       0
       1
       2
       0
       1
       2
       1
       0
       2
       0
       1
       3
       0
       1
       1
       2
       1
       1
       1
       1
       1
       0
       2
       2
       1
       1
       2
       0
       1
       2
       3
       0
       1
       2
       2
       1
       1
       0
       0
       1
       0
       1
       0
       3
       0
       1
       1
       0
       2
       0
       0
       0
       2
       4
       2
       2
       1
       1
       3
       1
       1
       4
       3
       2
       1
       1
       4
       1
       2
       2
       1
       0
       0
       4
       0
       1
       0
       1
       1
       4
       6
       2
       3
       2
       2
       3
       6
       1
       4
       1
       4
       3
       1
       0
       5
       4
       1
       1
       5
       6
       2
       2
       3
       2
       5
       2
       3
       4
       4
       2
       3
       1
       2
       7
       2
       3
       4
       2
       5
       2
       2
       5
       2
       2
       2
       2
       4
       2
       1
       2
       3
       1
       4
       3
       4
       2
       2
       5
       0
       3
       1
       1
       3
       2
       3
       0
       1
       1
       2
       5
       2
       0
       3
       4
       3
       2
       2
       0
       0
       1
       3
       5
       1
       0
       2
       2
       2
       1
       1
       0
       2
       0
       3
       0
       3
       1
       1
       1
       1
       2
       1
       1
       1
       0
       1
       0
       3
       2
       0
       0
       1
       0
       1
       1
       3
       0
       1
       0
       0
       3
       0
       0
       0
       2
       1
       0
       1
       1
       0
       1
       0
       0
       0
       0
       0
       0
       0
       0
       0
       1
       1
       0
       0
       0
       0
       0
       0
       0
       0
       0
       0
       0
       0
       0
       0
       0
       0
       0
       0
       0
       0
       0
       0
       0
       0
       0
       0
       0
       0
       0
       0
       0
       0
       0
       0
       0
       0
       0
       0
       0
       0
       0
       0
       0
       0
       0
       0
       0
       0
       0
       0
       0
       0
       0
       0
       0
       0
       0
       0
       0
       0
       0
       0
       0
       0
       0
       0
       0
       0
       0
       0
       0
       0
       0
       0
       0
       0
       0
       0
$ROI:
0
$PRESETS:
Live Time
300
0
$ENER_FIT:
0.000000 0.000000
$MCA_CAL:
3
0.000000E+000 0.000000E+000 0.000000E+000 
$SHAPE_CAL:
3
0.000000E+000 0.000000E+000 0.000000E+000
