$SPEC_ID:
No sample description was entered.
$SPEC_REM:
DET# 1
DETDESC# LAB4C1 Easy-MCA-2k SN 20066403
AP# Maestro Version 7.01
$DATE_MEA:
11/08/2022 16:18:50
$MEAS_TIM:
344 345
$DATA:
0 2047
       0
       0
       0
       0
       0
       0
       0
       0
       0
       1
     135
     144
     111
     114
     138
     120
     128
     124
     118
     136
     130
     127
     135
     155
     146
     129
     133
     144
     137
     129
     133
     137
     159
     155
     160
     147
     138
     163
     164
     152
     164
     185
     180
     168
     146
     175
     164
     151
     152
     178
     174
     179
     175
     174
     147
     157
     159
     177
     131
     169
     167
     164
     143
     179
     174
     182
     189
     181
     159
     198
     212
     194
     191
     195
     220
     209
     180
     215
     245
     229
     207
     188
     229
     199
     203
     207
     240
     255
     240
     209
     241
     279
     242
     280
     244
     264
     275
     289
     266
     311
     280
     277
     276
     295
     325
     301
     346
     299
     307
     333
     337
     367
     323
     360
     336
     387
     345
     299
     337
     347
     313
     335
     343
     305
     326
     338
     315
     289
     304
     341
     312
     328
     319
     318
     332
     322
     313
     271
     322
     315
     307
     329
     321
     305
     347
     312
     320
     307
     284
     281
     288
     297
     305
     312
     337
     300
     313
     264
     309
     318
     311
     306
     317
     304
     313
     323
     308
     329
     319
     292
     327
     336
     300
     327
     333
     319
     327
     286
     312
     287
     301
     315
     312
     323
     321
     314
     318
     315
     305
     311
     291
     285
     302
     334
     282
     316
     330
     301
     299
     297
     316
     297
     307
     317
     301
     316
     287
     335
     301
     267
     304
     333
     267
     292
     286
     276
     308
     310
     301
     282
     260
     303
     282
     301
     291
     309
     294
     259
     275
     281
     227
     278
     277
     307
     272
     262
     270
     264
     313
     299
     246
     284
     272
     278
     282
     278
     264
     263
     252
     289
     266
     290
     253
     285
     270
     282
     242
     279
     259
     261
     277
     266
     281
     284
     246
     258
     249
     306
     255
     310
     292
     266
     257
     275
     288
     273
     303
     306
     281
     249
     247
     305
     279
     292
     293
     301
     300
     313
     309
     322
     302
     320
     303
     317
     284
     304
     329
     333
     331
     336
     316
     340
     293
     331
     326
     338
     315
     337
     331
     316
     315
     323
     332
     328
     306
     303
     361
     335
     306
     301
     340
     331
     335
     308
     351
     306
     308
     341
     277
     328
     327
     328
     289
     275
     321
     319
     313
     313
     270
     288
     292
     284
     276
     264
     265
     255
     271
     277
     286
     248
     257
     261
     269
     237
     259
     279
     236
     234
     253
     257
     227
     245
     233
     262
     250
     236
     244
     243
     239
     233
     247
     233
     253
     240
     236
     207
     211
     218
     244
     202
     209
     208
     209
     219
     195
     217
     186
     185
     200
     230
     243
     195
     192
     241
     191
     183
     187
     196
     206
     175
     185
     192
     199
     194
     170
     208
     177
     202
     168
     220
     185
     180
     197
     193
     180
     221
     163
     178
     179
     180
     202
     186
     188
     159
     163
     152
     171
     174
     182
     171
     170
     189
     151
     182
     157
     158
     171
     167
     162
     160
     150
     175
     162
     183
     143
     183
     189
     181
     167
     166
     145
     163
     176
     148
     167
     162
     159
     157
     158
     144
     153
     162
     145
     135
     131
     148
     141
     141
     140
     147
     140
     161
     135
     139
     131
     142
     122
     138
     143
     137
     151
     132
     141
     163
     132
     145
     145
     137
     132
     129
     165
     143
     131
     141
     136
     142
     132
     136
     124
     125
     118
     127
     134
     161
     121
     129
     117
     111
     126
     117
     120
     138
     141
     138
     121
     129
     113
     128
     137
     112
     112
     107
     138
     123
     123
     107
     116
     117
     118
     134
     118
     115
     122
     115
     119
     131
     137
     121
     133
     109
     112
     132
     116
     122
     120
     119
     111
     139
     112
     132
     109
     124
     148
     132
     143
     100
     116
     122
     122
     112
     120
     107
     128
     103
     119
     104
     117
     133
     114
     100
     100
     129
      98
     119
     106
     107
     106
      96
     116
      88
     111
     126
     110
     108
      98
     125
      97
     111
     113
     126
      98
     103
     116
     101
     111
     106
     114
     105
     128
      98
     126
      98
     107
     101
     109
     108
      96
     114
     106
     106
     112
     100
     112
      98
     129
     123
     100
     109
     116
     105
     102
     116
     105
     104
     109
     122
     125
     102
     123
     107
     104
      88
      99
     110
     110
     110
      95
      95
     109
     117
      99
      96
      99
     101
     105
     116
     106
     113
     108
      99
     108
      96
     106
     108
     103
      88
     129
     101
     113
     127
      85
     106
     113
      93
     101
      96
      98
      92
      80
     100
      98
     109
     109
      97
      98
      90
     111
     110
      95
     106
     114
      93
      93
     115
      94
     113
     111
     102
     101
      85
      97
     106
     103
     101
     115
     100
      95
     107
      86
     122
     107
     103
      90
      99
     113
     120
      92
     118
     109
     116
      93
     109
      83
      93
      88
      88
     100
      91
      96
     110
     118
      95
      89
     111
      96
      99
      94
      81
      96
      80
      82
      82
      94
      92
      85
     103
     100
     109
      97
      87
     103
     101
      90
      95
      97
      96
     105
      76
      95
     101
     114
     102
     116
     112
      99
     125
      96
     107
      81
     111
      80
     112
     101
      89
      87
      81
     109
     103
      95
     102
     114
     112
     115
      97
     126
     106
      90
     102
      93
      91
     107
      87
     104
     106
      99
      94
      92
     107
      93
     106
      87
      89
      90
     111
      82
      92
      83
     106
      87
      90
     109
     113
      94
      82
     116
     107
     118
     113
     110
      93
     124
     101
      97
      77
      87
      92
     100
      99
      94
      89
      87
     103
      98
     116
      94
     105
     105
     113
      98
      97
     104
      98
     117
     108
      94
      91
      97
      90
      90
      96
      90
      99
     108
      81
      84
      82
     107
      94
      92
      99
     103
      73
      94
      99
     104
     106
     104
      99
     100
      91
      97
      89
      89
      99
     109
     104
     101
      87
      96
     100
      86
      90
     103
     104
     105
      89
     100
     110
     101
     104
     101
     103
      95
      90
     108
     111
      86
      93
      91
     107
      94
     101
     108
     114
     103
     105
      95
     108
      90
      93
      90
      90
     101
     106
      99
      96
     115
      88
      97
      99
      89
      93
      97
      96
     114
      99
      84
      91
      89
      96
      91
      96
     109
     104
      86
      86
      85
      96
      92
      79
      74
     105
      91
      98
     117
      99
     101
      83
     102
     105
      96
      95
     112
      85
     101
      89
      98
      87
     103
      91
      95
     118
     101
     109
     109
     100
     103
      92
     111
      95
     108
     105
      84
      90
      89
     105
     100
     106
     104
      99
     105
     111
      88
      94
     104
      94
      97
      95
     103
     111
     112
     106
      78
     105
     106
      87
     101
      81
      89
      95
      98
     101
     111
     108
     110
     109
     107
     118
     106
      96
     109
      99
     105
     100
      99
     107
     105
      83
      80
      89
      89
     104
     108
     102
     101
     110
     106
      90
      92
     100
     112
      99
      96
     108
     111
      96
     109
     109
     120
     121
     103
     117
      92
     106
     123
     106
     112
      86
      87
      99
     111
     104
     110
     117
      94
     110
     102
      93
      92
     104
      90
     103
     106
     118
     114
     104
     104
     105
     114
     111
     102
     104
      90
     108
     119
     108
     103
     126
     107
     112
     113
     113
     111
     103
     134
     118
     115
      87
      83
     105
     112
     101
     100
     127
     127
     106
     125
     115
     107
     130
     117
     114
     105
     118
      98
     100
     115
     107
     113
     113
     121
     114
     122
     102
     102
     112
     127
     107
     122
     124
     107
     128
      96
      92
      89
      97
     117
     131
     112
     121
     112
     123
      94
     113
     104
     110
     116
      99
      93
     102
     109
     115
     105
     113
     106
     106
     120
     104
     110
     127
     126
     113
     103
     112
     122
     117
     112
     107
      99
      93
     142
     107
     112
     125
     117
     102
     108
     120
     117
     118
     115
     119
     122
     117
     117
     117
     116
     128
     121
     104
     112
     114
     107
     133
     104
     112
     119
     128
     109
     117
     116
     104
     106
     110
     119
      92
     119
     107
     113
     111
      99
      95
      99
     110
     102
     109
     103
     101
     101
     107
     112
     103
     107
      98
      96
     114
      79
     101
     105
     125
     111
      85
     104
     110
     123
      85
      90
     111
     103
     109
     105
      80
     106
     104
      87
      94
      84
      91
      95
      93
      88
     100
      91
      80
      95
      91
      86
     106
      89
      87
      95
      85
     104
     100
      90
      86
      92
      69
      77
      86
      92
      95
      85
      96
      78
      76
      69
      88
      73
      93
      81
      78
      73
      89
      74
      88
      74
      85
      73
      64
      86
      79
      80
      81
      69
      73
      57
      81
      70
      77
      73
      69
      78
      76
      74
      81
      79
      77
      67
      64
      73
      63
      62
      80
      62
      66
      66
      74
      63
      70
      84
      66
      62
      70
      69
      80
      79
      80
      73
      80
      64
      73
      58
      67
      88
      71
      68
      72
      72
      58
      69
      58
      90
      68
      70
      74
      69
      59
      69
      77
      63
      69
      56
      50
      71
      69
      71
      73
      88
      97
      61
      92
      64
      71
      69
      78
      65
      61
      80
      73
      71
      74
      73
      59
      68
      82
      61
      68
      50
      76
      74
      79
      56
      66
      66
      52
      53
      73
      54
      74
      54
      66
      68
      83
      65
      71
      70
      61
      54
      84
      64
      50
      73
      72
      65
      54
      83
      63
      69
      69
      57
      62
      76
      75
      64
      52
      58
      59
      74
      61
      60
      73
      70
      83
      63
      69
      78
      57
      83
      66
      67
      70
      80
      65
      74
      82
      76
      70
      72
      85
      80
      82
      79
      95
      71
      60
      77
      70
      84
      78
      82
      86
      93
      80
      88
      82
      86
      90
     106
     122
      88
     111
      88
     118
     119
     103
     116
     122
     105
     109
     137
     119
     139
     137
     124
     129
     134
     144
     150
     169
     136
     134
     157
     151
     172
     164
     154
     149
     190
     187
     186
     177
     195
     221
     203
     210
     187
     220
     206
     224
     230
     223
     213
     229
     228
     231
     206
     257
     226
     274
     247
     243
     267
     230
     252
     250
     234
     281
     238
     245
     274
     274
     262
     256
     230
     251
     252
     265
     242
     253
     249
     259
     224
     243
     236
     252
     261
     247
     250
     236
     246
     235
     198
     240
     215
     223
     215
     198
     169
     176
     198
     167
     181
     199
     163
     176
     187
     157
     150
     163
     167
     131
     150
     154
     134
     139
     140
     119
     129
     110
     131
     118
      99
     101
     108
     116
      84
      86
      90
      82
      82
      81
      79
      77
      72
      70
      67
      66
      62
      48
      67
      50
      59
      54
      37
      66
      45
      49
      51
      45
      30
      45
      28
      38
      36
      51
      31
      30
      33
      35
      43
      37
      25
      30
      34
      37
      33
      31
      38
      22
      30
      35
      33
      37
      37
      34
      31
      33
      34
      31
      31
      33
      26
      40
      38
      45
      39
      38
      44
      43
      40
      48
      36
      50
      41
      54
      59
      43
      63
      55
      54
      59
      53
      67
      58
      63
      72
      57
      66
      72
      90
      74
      77
      96
      81
      80
      79
     110
      84
      97
     117
     112
      92
     110
      97
     109
      97
     129
     117
     113
     137
     148
     143
     151
     119
     129
     184
     160
     137
     171
     139
     161
     174
     175
     158
     169
     158
     173
     174
     177
     198
     185
     180
     170
     184
     205
     166
     202
     181
     197
     217
     208
     195
     177
     174
     195
     212
     212
     180
     196
     201
     175
     199
     210
     178
     200
     197
     202
     216
     202
     199
     180
     194
     187
     199
     194
     215
     162
     166
     207
     188
     174
     158
     161
     155
     152
     151
     145
     160
     150
     115
     147
     139
     140
     148
     128
     141
     117
     119
     125
     118
     119
     132
     110
     101
     105
     110
      93
      91
      94
      89
      65
      64
      84
      66
      84
      70
      67
      69
      77
      58
      50
      43
      55
      46
      52
      39
      42
      41
      42
      47
      49
      40
      42
      44
      36
      38
      34
      38
      23
      35
      22
      26
      37
      31
      16
      28
      27
      21
      21
      26
      25
      18
      25
      10
      18
      17
      21
      19
      16
       9
      13
      19
      11
      11
       7
      16
       8
      15
      15
      16
      13
       7
      10
       8
      12
       8
       6
       9
      10
      15
       7
      17
       7
       8
       7
      15
      11
       6
       6
       9
      12
       7
      13
       6
      15
      10
       7
       8
       5
       8
      10
       4
       8
       7
       7
       7
       5
       4
       6
      11
      13
      12
      10
       6
       6
      10
       5
       7
       9
       3
      10
       9
       4
       9
       6
       8
       4
       5
       8
       7
       9
       7
       3
       7
      10
       7
       7
       6
       4
      10
      11
       8
       7
       7
       8
       5
       6
       5
       6
       3
       5
       4
       6
       9
       7
       5
       9
       3
       4
       6
       3
       3
       7
       5
       8
       8
       6
       1
       7
       7
       4
      10
       4
       7
       9
       1
       4
       6
       8
       4
       8
       7
       3
       5
       4
       1
       5
       1
       7
       4
       2
       2
       7
       3
       1
       4
       5
       0
       5
       6
       8
       1
       2
       3
       5
       2
       0
       4
       3
       6
       3
       6
       0
       4
       5
       2
       5
       3
       5
       4
       3
       6
       8
       5
       6
       4
       2
       5
       0
       0
       0
       0
       0
       0
       0
       0
       1
       0
       0
       0
       0
       0
       0
       0
       0
       0
       0
       0
       0
       0
       0
       0
       0
       0
       0
       0
       0
       0
       0
       0
       0
       0
       0
       0
       0
       0
       0
       0
       0
       0
       0
       0
       0
       0
       0
       0
       0
       0
       0
       0
       0
       0
       0
       0
       0
       0
       0
       0
       0
       0
       0
       0
       0
       0
       0
       0
       0
       0
       0
       0
       0
       0
       0
       0
       0
       0
       0
$ROI:
0
$PRESETS:
None
0
0
$ENER_FIT:
0.000000 0.000000
$MCA_CAL:
3
0.000000E+000 0.000000E+000 0.000000E+000 
$SHAPE_CAL:
3
0.000000E+000 0.000000E+000 0.000000E+000
