$SPEC_ID:
No sample description was entered.
$SPEC_REM:
DET# 1
DETDESC# LAB4C1 Easy-MCA-2k SN 20066403
AP# Maestro Version 7.01
$DATE_MEA:
11/08/2022 18:13:54
$MEAS_TIM:
544 545
$DATA:
0 2047
       0
       0
       0
       0
       0
       0
       0
       0
       0
       0
      44
      31
      35
      43
      31
      36
      31
      34
      24
      30
      29
      31
      34
      32
      41
      35
      36
      40
      38
      47
      45
      40
      49
      37
      41
      46
      36
      21
      56
      52
      46
      48
      38
      48
      44
      56
      61
      67
      61
      48
      51
      63
      49
      60
      45
      55
      57
      62
      52
      53
      55
      57
      65
      66
      79
      74
      83
      69
      63
      89
      76
      92
      79
      88
      75
      88
      78
      95
      95
      98
      86
     105
      95
     129
     104
     115
     120
     125
     120
     143
     119
     150
     126
     147
     153
     159
     143
     169
     169
     171
     150
     192
     190
     184
     179
     189
     227
     214
     239
     214
     245
     226
     214
     236
     251
     221
     238
     232
     198
     204
     201
     223
     239
     233
     204
     217
     230
     213
     211
     209
     223
     217
     237
     199
     239
     209
     205
     228
     209
     231
     175
     211
     212
     197
     195
     213
     202
     194
     201
     225
     199
     194
     195
     203
     194
     212
     196
     202
     187
     178
     156
     200
     210
     168
     199
     203
     189
     172
     183
     189
     195
     190
     195
     183
     183
     167
     179
     192
     140
     178
     179
     187
     185
     193
     180
     191
     160
     157
     191
     176
     177
     175
     166
     175
     171
     149
     150
     159
     166
     153
     168
     174
     160
     161
     130
     164
     160
     142
     144
     164
     157
     147
     152
     150
     147
     162
     155
     156
     149
     146
     146
     136
     137
     165
     144
     117
     118
     135
     139
     140
     158
     142
     127
     144
     135
     126
     128
     118
     137
     139
     136
     119
     138
     130
     147
     133
     143
     124
     126
     130
     124
     115
     121
     118
     117
     109
     128
     112
     145
     131
     123
     112
     115
     112
     113
     141
     122
     122
     114
     110
     110
     132
     118
     107
     137
     106
      89
      96
     105
     101
      98
     107
     111
     109
      80
      96
      96
      96
      92
      94
     107
      84
      88
      86
      77
      82
      95
      71
     101
      87
      87
      91
      83
      72
      94
      79
      77
      67
      88
      67
      80
      86
      70
      73
      66
      86
     106
      88
      80
      79
      86
      87
      84
      91
      67
      87
      79
      79
      74
      82
      78
      68
      84
      65
      76
      77
      75
      58
      84
      65
      85
      70
      57
      67
      59
      61
      61
      59
      59
      64
      70
      69
      51
      66
      60
      45
      55
      51
      50
      50
      62
      40
      54
      48
      35
      61
      45
      41
      62
      42
      61
      49
      50
      52
      59
      58
      60
      39
      54
      50
      42
      51
      38
      44
      59
      43
      51
      53
      39
      45
      36
      50
      47
      44
      41
      43
      41
      49
      37
      30
      44
      42
      45
      30
      55
      42
      52
      36
      54
      44
      59
      41
      54
      48
      22
      42
      37
      38
      44
      43
      44
      48
      36
      33
      47
      47
      33
      35
      43
      34
      34
      41
      35
      37
      25
      31
      25
      39
      33
      25
      41
      32
      42
      46
      38
      33
      33
      55
      46
      25
      45
      38
      41
      36
      42
      39
      37
      37
      28
      37
      38
      39
      24
      33
      30
      42
      34
      32
      43
      37
      20
      49
      33
      37
      23
      38
      38
      23
      39
      37
      31
      36
      43
      44
      40
      31
      30
      29
      25
      21
      25
      33
      31
      19
      24
      23
      37
      24
      28
      20
      26
      15
      29
      20
      24
      21
      25
      24
      32
      27
      26
      30
      24
      30
      27
      21
      23
      19
      14
      17
      17
      30
      19
      17
      28
      12
      22
      23
      28
      27
      21
      19
      20
      23
      19
      30
      19
      18
      21
      15
      17
      26
      18
      27
      17
      21
      15
      20
      22
      21
      20
      17
      22
      17
      19
      16
      16
      15
      28
      18
      22
      19
      23
      22
      22
      18
      20
      21
      19
      19
      18
      15
      14
      17
      27
      19
      15
      16
      20
      24
      10
      24
      17
      22
      17
      15
      25
      15
      16
      20
      10
      24
      20
      18
      27
      13
      22
      14
      17
      10
      13
      19
      13
      16
      19
      20
      17
      25
      17
      20
      21
      17
      11
      11
      11
      19
      14
      15
      24
      20
       7
      14
      21
      12
      16
      14
      13
      15
      18
      14
      11
       7
      20
      10
       5
      19
      17
      13
      13
       9
       7
      17
      15
      13
      17
      14
      12
      17
      23
      16
      14
      20
      18
      16
      11
      20
      21
      12
      14
      15
      12
      12
      14
      14
      12
      16
      16
      10
      20
      16
       6
      12
      15
      12
       9
      20
       9
      15
      19
      11
      10
      17
      14
      10
      15
      16
      20
      16
      14
      15
      13
      10
      10
      18
      24
      14
      10
      11
      11
      12
       9
      10
       8
      14
      17
      13
       8
      22
      10
       9
      10
      14
      17
       5
      12
      13
      12
       9
       8
      17
      12
      14
      13
       6
      14
      12
       8
      20
      11
      14
      15
      16
      18
      10
      12
       9
      11
      11
       6
      14
      15
      10
      13
      13
      13
      21
       8
      15
      11
       9
      12
      14
      14
       8
      13
      12
       9
      14
      12
      16
      14
      13
      15
      20
      11
      11
       8
      16
      14
      15
      16
      13
       9
      11
      13
      10
      15
      14
      10
      11
      22
      17
      13
      14
      10
      11
      18
      18
      17
      11
      17
      14
      15
      11
      21
      13
      11
      17
      12
      16
       7
      22
      13
      10
      18
      11
      14
      13
      12
      13
      16
      15
      10
      11
      15
      18
      16
      15
      16
      15
      17
      11
      16
      15
      22
      15
      14
      22
      15
       9
      15
      21
      21
      14
      24
      19
      18
      19
      26
      14
      20
      19
      23
      20
      30
      22
      26
      24
      21
      28
      20
      26
      29
      39
      33
      27
      35
      30
      35
      28
      26
      35
      40
      33
      30
      32
      38
      46
      27
      34
      38
      27
      41
      25
      26
      36
      29
      28
      33
      33
      28
      36
      29
      42
      28
      40
      32
      40
      29
      37
      27
      20
      31
      15
      27
      14
      31
      26
      12
      27
      23
      27
      16
      22
      21
      15
      15
      16
      16
      13
      18
      17
      21
      13
      11
      13
      17
       6
      16
      13
       9
      11
       7
       9
       9
       8
       9
       5
      10
       8
      12
      11
       6
       5
       1
      10
       6
       5
       8
       9
       7
       6
       9
       8
       6
       6
       8
       6
      10
       5
       9
       5
       4
       5
       4
       4
      10
       1
       4
       9
       6
       8
       7
       4
       2
       8
       2
       2
      10
       6
       8
       8
       6
       7
       9
       3
       4
       7
       8
       3
       5
       7
       4
       4
       8
       3
       8
       3
      10
       3
       7
       5
       2
       5
       6
       6
       7
       3
       4
       6
       8
       5
       6
       5
       6
      10
       7
       4
       3
       8
       4
      12
       5
       5
       2
      11
       3
       6
       5
       4
       2
       7
      11
       4
       2
       8
       2
       5
       3
       3
       7
      12
       4
       7
       6
       5
       5
       4
       1
       7
       6
       5
       7
       7
       4
       6
       3
       2
       7
       6
       1
       5
       3
       4
       6
       7
       9
       4
       2
       0
       3
       0
       3
       5
      12
       4
       4
       6
       3
       2
       2
       3
       3
      10
       6
       3
       3
       3
       3
       3
       5
       6
       4
       6
       6
       4
       7
       5
       3
       8
       2
       3
       4
       8
       7
       4
       3
      12
       4
       6
       4
       0
       5
       6
       3
       6
       3
       4
       4
       4
       9
       2
       5
       6
       5
       2
       5
       5
       6
       3
       6
       5
       7
      10
       4
       4
       5
       4
       4
       5
       4
       3
       1
       4
       3
       3
       5
       7
       3
       3
       5
       7
       2
       1
       5
       4
       4
       4
       5
       4
       2
       6
       8
       3
       4
       1
       6
       1
       4
       5
       3
       4
       4
       3
       5
       9
       2
       5
       4
       8
       1
       1
       3
       7
       4
       3
       4
       6
      11
       6
       5
       2
       3
       6
       7
       4
       9
       6
       6
       5
       3
       2
       3
       3
       3
       9
       5
       5
       6
       5
       2
       6
       3
       4
       6
       3
       3
       4
       8
       7
       8
       6
       4
       5
       4
       3
       2
       5
       4
       3
       9
       3
       2
       5
       4
       4
       5
       3
       3
       5
       7
      10
       3
       1
       9
       5
       4
       4
       2
       3
       4
       2
       4
       4
       4
       8
       5
       5
       5
       3
       3
       2
       5
       6
       3
       5
       8
       5
       8
       7
       3
       5
       3
       6
       7
       4
       3
       2
       6
       4
       5
       6
       4
       7
       3
       5
       2
       2
       7
       4
       8
       2
       3
       5
       3
       3
       5
       4
       2
       2
       3
       2
       3
       3
       6
       1
      11
       0
       2
       2
       2
       2
       1
       4
       4
       4
       2
       4
       2
       4
       3
       1
       3
       5
       6
       3
       1
       1
       2
       3
       1
       5
       2
       3
       2
       1
       3
       3
       1
       5
       1
       6
       6
       6
       5
       4
       3
       2
       3
       4
       6
       2
       3
       1
       5
       3
       3
       4
       2
       3
       3
       3
       4
       2
       3
       3
       1
       5
       3
       3
       5
       5
       6
       2
       1
       2
       5
       4
       1
       3
       4
       2
       4
       4
       2
       4
       3
       3
       3
       4
       2
       6
       3
       3
       3
       3
       3
       2
       4
       2
       2
       5
       4
       2
       5
       5
       3
       7
       4
       2
       4
       2
       2
       4
       5
       2
       4
       6
       6
       2
       5
       4
       2
       7
       3
       4
       6
       5
       5
       0
       3
       3
       1
       4
       5
       4
       2
       1
       1
       5
       6
       1
       7
       2
       5
       4
       8
       6
       3
       4
       2
       5
       6
       5
       8
       1
       1
       7
       2
       2
       4
       5
       3
       4
       8
       6
       2
       5
       2
       0
       2
       5
       2
       6
       4
       4
       4
       2
       2
       4
       7
       1
       5
       3
       2
       2
       1
       6
       4
       0
       0
       4
       1
       3
       1
       5
       0
       2
       3
       2
       5
       2
       2
       1
       4
       4
       4
       4
       1
       2
       2
       3
       1
       5
       6
       3
       0
       5
       4
       0
       4
       4
       0
       4
       1
       5
       0
       1
       3
       7
       2
       3
       6
       3
       2
       2
       3
       4
       2
       5
       4
       6
       3
       3
       8
       2
       1
       1
       1
       2
       1
       2
       2
       3
       2
       3
       2
       2
       3
       4
       3
       2
       1
       2
       3
       0
       2
       4
       1
       4
       2
       2
       3
       5
       4
       2
       4
       0
       1
       2
       1
       3
       5
       0
       1
       1
       0
       1
       4
       0
       9
       3
       0
       2
       5
       4
       7
       5
       2
       4
       1
       8
       1
       3
       2
       3
       3
       4
       1
       1
       3
       2
       0
       0
       1
       3
       1
       4
       3
       1
       6
       1
       0
       0
       0
       2
       0
       3
       0
       4
       2
       2
       3
       4
       3
       4
       0
       1
       2
       1
       1
       1
       2
       0
       2
       0
       4
       1
       1
       3
       1
       1
       1
       2
       2
       2
       1
       2
       2
       2
       2
       3
       2
       2
       1
       5
       3
       1
       1
       3
       1
       3
       1
       4
       0
       0
       3
       2
       0
       1
       2
       4
       1
       1
       0
       0
       3
       0
       2
       4
       0
       1
       1
       0
       3
       0
       0
       0
       1
       4
       0
       0
       2
       2
       3
       2
       2
       1
       1
       1
       0
       1
       0
       2
       2
       1
       0
       0
       2
       2
       1
       2
       1
       3
       1
       1
       0
       0
       4
       2
       2
       2
       1
       0
       1
       2
       4
       3
       3
       2
       2
       0
       0
       0
       1
       3
       0
       1
       0
       1
       1
       1
       4
       4
       4
       2
       3
       0
       2
       1
       2
       1
       1
       2
       2
       2
       3
       3
       2
       2
       3
       3
       4
       0
       1
       1
       1
       2
       0
       4
       2
       1
       1
       5
       5
       0
       4
       2
       2
       2
       2
       0
       5
       1
       2
       3
       0
       2
       6
       2
       2
       6
       1
       4
       6
       3
       5
       2
       4
       4
       2
       1
       4
       0
       4
       5
       6
       2
       3
       3
       6
       3
       6
       5
       5
       2
       2
       4
       7
       6
       2
       2
       5
       5
       5
      13
       2
       6
      10
       6
       6
       5
       3
       5
       8
       5
       2
       5
       4
       3
       9
       3
       7
       5
       4
       4
       3
       4
       6
       7
       2
       5
       1
       2
       3
       5
       2
       1
       6
       3
       3
       4
       5
       3
       5
       8
       5
       5
       3
       8
       3
       2
       3
       3
       3
       3
       3
       5
       4
       4
      10
       5
       5
       1
       4
       5
       4
       3
       7
       8
       2
       7
       4
       1
       4
       2
       3
       2
       5
       0
       4
       3
       4
       2
       6
       4
       2
       2
       5
       4
       1
       5
       3
       4
       5
       3
       3
       4
       3
       5
       3
       3
       1
       5
       5
       4
       2
       3
       4
       2
       3
       0
       2
       1
       2
       2
       3
       3
       0
       3
       2
       0
       5
       1
       0
       2
       1
       3
       2
       0
       1
       1
       3
       0
       0
       0
       0
       3
       3
       0
       4
       0
       0
       3
       1
       0
       0
       0
       0
       0
       0
       0
       0
       0
       0
       0
       0
       0
       0
       0
       0
       0
       0
       0
       0
       0
       0
       0
       0
       0
       0
       0
       0
       0
       0
       0
       0
       0
       0
       0
       0
       0
       0
       0
       0
       0
       0
       0
       0
       0
       0
       0
       0
       0
       0
       0
       0
       0
       0
       0
       0
       0
       0
       0
       0
       0
       0
       0
       0
       0
       0
       0
       0
       0
       0
       0
       0
       0
       0
       0
       0
       0
       0
       0
       0
       0
       0
       0
$ROI:
1
788 929
$PRESETS:
None
0
0
$ENER_FIT:
0.000000 0.000000
$MCA_CAL:
3
0.000000E+000 0.000000E+000 0.000000E+000 
$SHAPE_CAL:
3
0.000000E+000 0.000000E+000 0.000000E+000
