$SPEC_ID:
No sample description was entered.
$SPEC_REM:
DET# 1
DETDESC# LAB4C1 Easy-MCA-2k SN 20066403
AP# Maestro Version 7.01
$DATE_MEA:
11/08/2022 16:41:30
$MEAS_TIM:
1380 1382
$DATA:
0 2047
       0
       0
       0
       1
       0
       1
       0
       0
       0
       1
     265
     260
     258
     276
     250
     265
     255
     224
     260
     223
     239
     264
     230
     245
     226
     221
     257
     252
     284
     270
     261
     274
     313
     256
     276
     300
     347
     333
     327
     378
     399
     425
     425
     520
     582
     642
     794
     869
     952
    1036
    1055
     971
     895
     884
     811
     706
     633
     570
     565
     489
     493
     470
     416
     444
     381
     397
     415
     420
     398
     431
     436
     436
     430
     439
     473
     451
     483
     498
     513
     528
     552
     530
     562
     583
     542
     567
     607
     583
     605
     608
     645
     672
     704
     675
     721
     742
     695
     791
     776
     823
     766
     859
     821
     793
     850
     793
     900
     905
     922
     960
     942
     931
     973
     998
     996
     954
    1004
     924
     982
     926
    1031
     993
     982
     984
     889
     949
     937
     951
    1015
     994
     906
     989
     928
    1017
     952
     925
     984
     960
     946
     991
    1010
     958
     904
     919
     909
     980
     949
     927
     931
     920
     872
     941
     947
     913
     966
     937
     901
     912
     941
     911
     855
     961
     910
     890
     891
     875
     948
     897
     884
     899
     858
     902
     884
     904
     930
     899
     945
     926
     970
     935
     926
     900
     864
     878
     877
     902
     883
     890
     858
     865
     838
     882
     834
     914
     870
     857
     864
     873
     811
     844
     860
     852
     808
     775
     802
     789
     844
     841
     842
     793
     752
     834
     782
     782
     743
     858
     750
     794
     795
     726
     766
     738
     733
     725
     753
     672
     727
     695
     722
     720
     760
     706
     751
     719
     719
     697
     773
     690
     685
     756
     723
     732
     698
     681
     715
     727
     781
     756
     771
     781
     804
     732
     768
     777
     800
     773
     808
     767
     776
     717
     790
     785
     789
     767
     757
     806
     727
     742
     770
     779
     776
     724
     731
     774
     740
     725
     703
     753
     698
     751
     731
     728
     686
     696
     709
     707
     659
     629
     677
     630
     677
     674
     688
     698
     629
     635
     649
     644
     635
     609
     601
     651
     689
     601
     607
     584
     615
     583
     599
     578
     646
     557
     597
     572
     521
     566
     600
     529
     570
     552
     610
     549
     560
     582
     536
     556
     517
     561
     580
     543
     559
     568
     544
     518
     514
     546
     487
     524
     509
     500
     466
     491
     488
     430
     458
     479
     458
     455
     451
     498
     462
     419
     456
     483
     440
     458
     419
     416
     435
     432
     487
     414
     425
     412
     418
     438
     405
     410
     415
     458
     414
     408
     376
     404
     377
     378
     389
     398
     413
     367
     387
     385
     363
     381
     390
     368
     361
     409
     387
     401
     362
     359
     401
     392
     374
     351
     371
     352
     365
     359
     367
     382
     351
     312
     360
     348
     344
     356
     322
     339
     301
     338
     312
     328
     328
     312
     305
     311
     310
     316
     317
     303
     297
     321
     299
     274
     301
     304
     311
     317
     304
     271
     279
     313
     284
     315
     270
     266
     275
     254
     293
     300
     323
     284
     277
     284
     268
     277
     322
     263
     295
     280
     245
     282
     295
     289
     275
     240
     289
     278
     263
     260
     289
     248
     264
     272
     252
     272
     274
     258
     266
     259
     249
     259
     231
     261
     239
     259
     241
     259
     270
     242
     225
     236
     244
     219
     225
     240
     208
     244
     243
     217
     248
     245
     208
     233
     247
     220
     222
     211
     222
     196
     212
     242
     227
     216
     221
     214
     199
     235
     211
     242
     203
     199
     210
     210
     203
     202
     188
     201
     186
     198
     216
     205
     199
     195
     196
     217
     195
     189
     214
     214
     180
     211
     226
     199
     212
     202
     199
     216
     197
     195
     191
     198
     191
     173
     208
     208
     210
     192
     195
     197
     217
     183
     209
     220
     186
     188
     214
     206
     181
     196
     191
     198
     187
     220
     197
     195
     192
     177
     174
     191
     193
     177
     189
     172
     165
     173
     218
     170
     188
     155
     165
     198
     178
     187
     179
     156
     155
     163
     162
     181
     164
     171
     169
     161
     160
     160
     170
     181
     156
     151
     132
     153
     144
     153
     145
     139
     153
     140
     170
     166
     131
     143
     137
     127
     141
     124
     116
     144
     138
     135
     140
     107
     128
     122
     105
     114
      96
     126
     123
     110
     111
     106
      85
      94
      89
      91
      81
      88
     116
     104
      76
     115
      93
      93
     105
      72
      87
      97
      82
      84
      87
      84
      93
      93
      94
      69
      97
      75
      84
      63
      87
      84
      87
      76
      76
      84
      89
      87
      75
      61
      84
      83
      76
      88
      86
      68
      75
      72
      66
      77
      64
      58
      67
      69
      74
      76
      73
      74
      75
      67
      54
      61
      60
      74
      74
      64
      68
      68
      79
      69
      68
      64
      65
      60
      54
      69
      48
      55
      46
      48
      56
      57
      57
      51
      56
      52
      61
      57
      71
      62
      62
      58
      55
      82
      52
      42
      71
      60
      64
      58
      56
      50
      64
      50
      63
      57
      63
      56
      63
      50
      76
      68
      45
      49
      62
      59
      69
      65
      56
      62
      61
      71
      64
      58
      57
      75
      63
      68
      65
      51
      43
      66
      63
      61
      69
      70
      74
      70
      67
      67
      61
      69
      74
      54
      90
      74
      82
      76
      78
      90
      76
      79
      76
      76
      85
      89
     111
      71
      84
      83
      85
      88
     120
     133
      93
     111
     123
     107
     119
     125
     155
     119
     152
     151
     150
     169
     184
     162
     166
     209
     198
     225
     237
     203
     254
     259
     253
     239
     271
     283
     337
     322
     309
     385
     389
     386
     369
     437
     425
     393
     458
     483
     456
     487
     551
     501
     547
     569
     625
     609
     643
     638
     672
     717
     704
     644
     710
     756
     734
     764
     774
     803
     754
     797
     809
     787
     826
     824
     839
     881
     824
     826
     823
     829
     797
     848
     793
     778
     773
     749
     753
     797
     734
     716
     724
     688
     700
     635
     677
     608
     604
     588
     574
     557
     565
     549
     523
     510
     449
     460
     415
     462
     397
     366
     354
     354
     289
     297
     299
     290
     264
     230
     246
     233
     212
     212
     192
     173
     141
     144
     136
     125
     109
     104
     121
     119
      92
     106
      95
      88
      81
      85
      81
      56
      50
      43
      55
      53
      46
      40
      41
      42
      32
      25
      36
      25
      24
      21
      30
      20
      22
      22
      25
      22
      19
      32
      18
      25
      19
      24
      18
      17
      21
      24
      14
      27
      15
      20
      29
      16
      18
      21
      22
      17
      24
      14
      18
      18
      17
      15
      22
      21
      21
      21
      16
      14
      22
      21
      19
      21
      12
      18
      10
      29
      23
      17
      14
      15
      16
      16
      18
      18
      14
      12
      22
      20
      11
      18
      15
      20
      18
      23
      10
      14
      19
      19
      17
      19
      16
      20
      20
      11
      14
      10
      19
      18
      16
      19
      22
      17
      13
      14
      17
      19
      19
      14
      21
      17
      17
      17
      10
      15
      18
      15
      20
      10
      17
      13
      25
      15
      14
      16
      17
      15
      16
      11
      18
      12
      14
      12
      12
      18
       7
      15
      17
      17
      17
      18
      13
       8
      11
      15
       7
      14
      10
      10
       5
      19
      20
      21
      14
      12
      16
      12
      17
      12
      13
      13
      13
      10
      17
      17
      16
      13
      11
      13
       8
      17
      14
      11
      12
      20
      15
      14
      16
      14
       7
       8
      16
      18
      22
      14
      19
      15
      18
      12
      12
      14
      20
      19
      13
      11
      18
      16
      20
      12
      11
      15
      16
       9
      14
      16
      28
      13
      23
      11
      18
      14
      18
       9
      16
      10
       6
      11
      19
      28
      17
      20
      12
      13
      20
      11
      16
      16
      20
      12
      20
      11
      24
      18
      11
      21
      16
      18
      14
      17
      12
      19
       9
      23
      20
      14
      12
      14
      15
      16
      18
      12
      20
      17
      13
       9
      23
      20
      19
      11
      18
      13
      19
      23
      16
      14
      13
      22
      19
      18
      17
      15
      16
      20
      19
      10
      16
      11
      18
      19
      15
      19
      14
      18
      16
      17
      14
      22
      18
      15
      19
      11
      20
      12
      12
       8
      17
      13
      21
      15
      17
      14
      19
      18
      15
      15
      18
      16
      12
       8
      15
      16
      15
      16
      17
       9
      12
      14
      12
      14
      12
      19
      10
      13
      18
      19
      14
      15
      11
      17
      12
      15
      15
      11
      10
      19
      11
       7
      13
       7
      14
      13
      10
      16
      14
      15
      16
       9
      11
       7
      13
      12
      16
      14
      11
      19
       8
       8
      16
      14
       3
       7
       7
      11
       8
       6
       8
      16
      10
      14
      11
      12
      10
      11
      16
       9
       9
      12
       9
      11
       6
       9
      13
      19
      10
      19
       9
      10
      10
       6
       5
       7
      11
      12
       9
       9
      11
      13
       9
      16
      13
      10
      15
       8
      11
      11
      11
      10
       8
      11
       6
       7
      11
       7
       4
      11
      11
      18
       9
       6
      15
      10
      10
       9
      11
      14
       7
       6
      11
      13
       5
      13
      10
       8
       9
       7
      11
      10
      10
       6
      16
      11
      11
       9
      11
       7
      14
       7
       6
       8
      11
       7
       5
       6
      14
      10
      10
       6
       4
       9
      11
      13
       6
      10
      15
      14
      10
       8
      11
       9
       5
      12
      12
      12
       8
      13
       7
       9
      12
      14
      13
      10
      10
      16
       7
      14
       9
      17
      14
       9
      14
      12
      10
      10
      15
      12
      12
      11
      15
      10
      12
       6
      11
      10
      13
       7
      10
      12
      10
       9
       7
       7
       8
      11
      17
      16
      11
      10
      12
      14
      13
      15
       8
       9
       7
      10
      12
      10
       6
      10
       9
       9
      11
      12
      15
      11
      17
      14
       9
       2
       6
      12
      13
       6
       9
      13
       9
       7
      17
      11
      19
       8
      14
      14
      14
      14
      18
      17
      12
      11
      11
      16
      12
      10
      12
      12
      12
       7
       8
      10
      14
       9
       8
       7
       6
      11
       5
      13
       4
      15
      10
      13
       5
      10
       7
       7
      10
       5
       6
       8
      12
       9
       8
       9
       9
      10
       7
       7
      12
       8
      11
       8
       9
       7
       8
       3
      12
       9
       7
       8
       6
       9
       8
       8
       5
      11
       9
      11
       6
       9
       5
      13
      10
       8
       4
       8
       8
       8
       4
       7
       6
       6
       3
       5
       7
       6
       8
       9
       5
      11
       8
       7
       5
       9
       9
       6
       4
       3
       6
      11
       9
      12
       3
       8
       8
       5
      10
      10
       9
      11
       6
       8
       7
       9
       8
       6
       3
       6
       8
       4
       7
       4
       4
       9
       8
       6
       8
       4
       7
       9
      10
       3
       7
       4
       3
       7
       4
       5
       9
       7
       7
       7
       2
       7
       2
       6
       8
       6
       4
      10
       7
       5
       4
       7
       6
       2
       6
       4
       3
       1
       5
       6
       3
       6
       4
       9
       5
       7
       5
      10
       4
       4
      10
       1
       6
       4
       3
       5
       3
       5
       4
       8
       3
       4
       5
       4
       8
       1
       7
       3
       5
       2
       5
       1
       5
       7
       3
       7
       4
       6
       3
       3
       9
       2
       3
       5
       8
       4
       4
       3
      10
       6
       6
       7
       4
       3
       5
       4
       4
       5
       4
       3
       3
       4
       4
       4
       3
       2
       4
       5
       9
       7
       3
       4
       2
       7
       4
       4
       3
       7
       7
       4
       0
       5
       1
       9
       3
       2
       5
       5
       9
       4
       2
       5
       6
       7
      10
       7
       2
       4
       4
       1
       1
      11
       6
       3
       8
      12
       7
       5
       1
       5
       7
       6
      12
       6
       7
       6
       6
       3
       5
       8
       2
       6
       5
       6
       6
       3
       8
       8
       8
       6
       6
       9
       6
       6
       5
       2
      10
      13
       6
       6
       7
       9
       8
       8
       7
       6
      12
      13
       5
       5
       6
      14
       6
       8
       9
       8
       7
       7
      10
       7
       8
       8
       5
       8
       7
      12
      11
       8
      10
      14
       5
      15
       4
       8
      10
      15
       9
      12
      10
       7
      13
      14
       6
      10
      17
      17
      19
      17
      13
      13
      11
      20
      10
      23
      11
      17
      11
      13
      12
      13
      16
      13
      26
       9
      14
      23
      12
      17
      15
      19
      15
      15
      13
      20
      21
      16
      16
      20
      22
      14
      25
      14
      16
      24
      15
       7
      18
      14
      13
      16
      15
      17
      14
      18
      17
      20
      15
      20
      16
      11
      15
      12
      11
      16
      12
      19
      18
      14
       8
      13
      15
      14
      11
      14
      10
      12
      17
      12
      11
      14
      11
      13
       8
      12
      15
       7
      12
       6
       9
      11
       8
      12
      10
      13
       9
      14
       8
       3
      11
      10
       6
       5
       7
      10
       5
       8
       8
       8
       4
       6
       9
       4
       8
       8
      10
       7
       5
       9
       5
       3
       3
       0
       9
       6
       5
       3
       3
       5
       1
       5
       2
       3
       2
       3
       4
       2
       3
       7
       3
       5
       3
       4
       6
       8
       1
       6
       2
       2
       4
       2
       4
       5
       3
       3
       1
       5
       4
       6
       1
       0
       0
       0
       0
       0
       0
       0
       0
       0
       0
       0
       0
       0
       0
       0
       0
       0
       0
       0
       0
       0
       0
       0
       0
       0
       0
       0
       0
       0
       0
       0
       0
       0
       0
       0
       0
       0
       0
       0
       0
       0
       0
       0
       0
       0
       0
       0
       0
       0
       0
       0
       0
       0
       0
       0
       0
       0
       0
       0
       0
       0
       0
       0
       0
       0
       0
       0
       0
       0
       0
       0
       0
       0
       0
       0
       0
       0
       0
       0
$ROI:
0
$PRESETS:
None
0
0
$ENER_FIT:
0.000000 0.000000
$MCA_CAL:
3
0.000000E+000 0.000000E+000 0.000000E+000 
$SHAPE_CAL:
3
0.000000E+000 0.000000E+000 0.000000E+000
