$SPEC_ID:
No sample description was entered.
$SPEC_REM:
DET# 1
DETDESC# LAB4C1 Easy-MCA-2k SN 20066403
AP# Maestro Version 7.01
$DATE_MEA:
11/08/2022 18:03:23
$MEAS_TIM:
594 594
$DATA:
0 2047
       0
       0
       0
       0
       0
       0
       0
       0
       0
       0
      39
      39
      31
      31
      36
      34
      49
      28
      39
      40
      16
      35
      39
      40
      45
      37
      32
      37
      47
      49
      41
      49
      36
      39
      40
      50
      45
      53
      63
      58
      55
      47
      54
      56
      64
      52
      71
      63
      79
      64
      69
      50
      59
      68
      77
      63
      63
      67
      67
      68
      52
      83
      61
      70
      74
      76
      78
      87
      72
      91
     102
      96
      94
     102
      96
     101
      97
      99
     115
     131
      93
     106
     120
     125
     122
     133
     131
     130
     143
     140
     146
     159
     167
     161
     187
     156
     180
     182
     200
     214
     204
     191
     207
     190
     214
     232
     247
     262
     254
     239
     274
     258
     258
     254
     233
     244
     257
     252
     268
     244
     231
     213
     232
     246
     264
     263
     240
     239
     219
     234
     249
     252
     242
     262
     209
     239
     230
     219
     235
     218
     199
     265
     209
     229
     183
     216
     217
     238
     219
     220
     213
     228
     231
     193
     197
     231
     198
     212
     191
     220
     204
     210
     216
     201
     201
     197
     198
     216
     208
     193
     195
     211
     196
     167
     231
     214
     191
     210
     212
     187
     196
     167
     202
     203
     188
     182
     161
     186
     213
     171
     181
     190
     185
     165
     171
     165
     187
     187
     189
     162
     173
     194
     174
     190
     154
     176
     168
     184
     178
     149
     171
     162
     151
     153
     163
     163
     153
     142
     164
     142
     143
     158
     149
     169
     139
     130
     148
     164
     155
     133
     162
     162
     159
     135
     146
     133
     128
     127
     144
     152
     148
     151
     147
     124
     140
     136
     157
     147
     142
     127
     144
     141
     138
     175
     134
     119
     152
     149
     127
     138
     147
     122
     144
     138
     116
     132
     144
     125
     122
     121
     136
     113
     116
     114
     135
     112
     113
     121
     113
     114
     116
     105
     112
     114
     100
      98
     104
     104
     121
     101
     101
     102
     119
      92
      90
      99
     115
      75
      99
      97
      91
      78
      82
      96
     106
      92
      88
     103
      69
     109
     101
      73
     101
      81
     102
      74
     103
     102
      87
      70
      80
      91
      82
      71
      83
      86
      81
      89
      62
      85
      91
      78
      90
      72
      84
      83
      73
      76
      69
      82
      72
      59
      67
      68
      80
      61
      73
      55
      54
      62
      58
      50
      65
      70
      59
      70
      44
      59
      65
      71
      63
      58
      66
      75
      59
      58
      62
      56
      58
      49
      65
      62
      75
      50
      40
      69
      48
      60
      56
      57
      55
      67
      54
      43
      48
      57
      45
      59
      55
      34
      44
      42
      47
      42
      49
      42
      54
      54
      41
      49
      65
      49
      46
      58
      39
      45
      53
      27
      38
      48
      34
      44
      47
      60
      35
      35
      46
      41
      33
      40
      39
      30
      39
      37
      47
      38
      37
      45
      47
      37
      28
      35
      49
      41
      50
      45
      42
      35
      44
      29
      42
      37
      29
      34
      38
      39
      40
      32
      32
      38
      44
      35
      39
      38
      38
      41
      37
      53
      39
      36
      38
      41
      34
      47
      34
      37
      31
      49
      24
      22
      36
      42
      34
      41
      37
      32
      41
      27
      33
      31
      36
      39
      39
      26
      33
      37
      39
      31
      39
      35
      34
      29
      36
      29
      26
      27
      26
      24
      29
      36
      31
      26
      23
      24
      18
      25
      29
      24
      14
      31
      27
      22
      22
      18
      29
      21
      35
      13
      22
      17
      17
      21
      16
      31
      34
      29
      14
      16
      23
      23
      24
      18
      24
      23
      22
      20
      15
      23
      26
      22
      25
      17
      23
      16
      16
      23
      23
      16
      17
      28
      16
      18
      27
      23
      20
      23
      21
      25
      22
      28
      18
      21
      12
      20
      26
      26
      17
      16
      16
      22
      23
      20
      18
      15
      20
      18
      22
      16
      22
      20
      14
      22
      24
      20
      21
      20
      20
      22
      22
      24
      10
      20
      14
      20
      16
      19
      15
      18
      21
      14
      14
      14
      17
      19
      23
      18
      29
       7
      22
      15
      16
      17
      19
      13
      18
      19
      15
      12
      15
      11
      20
      17
      15
      17
      18
      13
      17
      13
      12
      20
      21
      17
      15
      24
      14
      15
      17
      16
      16
      19
      12
      19
      14
      15
      11
      17
      17
      16
      17
      16
      12
      10
      10
      15
      14
      15
       9
      19
      19
      13
       9
      23
      10
      11
      11
      17
      10
      20
      19
      21
      16
       9
      10
      16
      20
      19
       9
      13
      10
      16
      21
       7
      11
      16
      17
      14
      10
      14
       5
      11
      10
      14
      14
      12
      15
      11
      13
      14
      10
      13
      13
       9
      11
      15
       9
      11
      12
       9
      13
      13
      10
      13
      13
      15
      16
      13
      11
      20
      19
      14
      12
      18
      28
      11
      14
      16
      14
       7
       9
      10
      16
       7
      13
      11
      12
       5
      12
      15
      10
      12
      19
      17
      14
      11
      20
      13
      19
      23
      16
      20
      14
      16
      13
      15
      19
      19
      17
      11
      17
      17
      14
      14
      16
      19
       9
      16
      13
      14
      24
      18
      18
      12
      14
      15
      12
      14
      17
      18
      13
      15
      14
      14
      15
      17
      20
      15
      18
      13
      18
      12
      19
      16
      12
      11
      18
       9
      14
      13
      16
       9
      15
      22
      13
      17
      12
      11
       9
      11
      22
      18
      16
      28
      21
      25
      16
      15
      12
      17
      15
      18
      18
      17
      26
      22
      23
      26
      14
      15
      18
      19
      27
      15
      25
      21
      22
      16
      21
      35
      21
      24
      28
      28
      29
      32
      21
      26
      35
      28
      41
      26
      34
      29
      38
      29
      46
      29
      33
      27
      33
      32
      40
      34
      26
      48
      26
      34
      38
      35
      31
      29
      32
      28
      28
      41
      25
      35
      31
      34
      28
      28
      34
      43
      29
      31
      30
      34
      21
      25
      26
      25
      24
      18
      21
      22
      17
      25
      18
      21
      18
      20
      21
       9
      15
      13
       8
      12
      12
      15
      10
      12
      15
      10
      10
      14
      12
      10
       8
       9
      11
       5
      12
       7
      11
       4
      12
       7
       8
      11
       8
       6
       7
       5
      12
       2
       3
      11
      10
       8
       5
       6
       3
       8
       6
       3
       8
       9
       4
       7
       7
       5
       6
       6
       7
       5
       7
       8
      11
       7
       6
      10
       4
       7
       6
       7
       4
       4
       7
       5
       2
       7
       5
       8
       8
       8
       8
       8
       6
       8
       9
      10
       9
       4
       4
      13
       1
       6
       6
       7
       8
      11
       4
       5
       8
       6
       6
       5
       6
       3
       1
       2
       8
       8
       3
       6
       3
       9
       5
       5
       4
       5
       5
       8
       5
       8
       4
       7
       5
       6
       3
       3
       6
       4
       4
       3
       7
       9
       5
       4
       6
       7
       5
       8
       4
       4
       6
       6
       6
       3
       5
       7
       5
       3
       7
       2
       5
       5
       4
       8
       9
       4
       4
       4
       3
       6
       6
       2
       7
       7
       9
       6
       8
       4
       5
       3
       7
       9
       7
       6
       3
       3
       7
       3
       6
       8
       3
       4
       3
       4
       4
       7
       5
       4
       3
       6
       5
       5
       5
       5
       4
       4
       5
       3
      10
       5
       3
       7
       8
       7
       8
       1
       7
       8
      10
       5
       5
       4
       6
       3
       2
       7
       3
       3
       5
       7
       5
       3
       5
       7
       1
       3
       5
       5
       7
       2
       2
       5
       6
       7
       3
       4
       3
       3
       3
       8
       4
       4
      11
       8
       7
       9
       4
      11
       7
       4
       4
       5
       5
       5
       7
       3
       5
       3
      10
       6
       4
       8
       6
       7
       7
       7
       9
       9
       8
       7
       7
       4
       9
       4
       5
       4
       4
       3
       6
       8
       4
       4
       4
       7
       4
       5
       6
       4
       1
       7
       4
       5
      10
       5
       3
       6
      10
       5
       2
       5
      10
       4
      11
       7
       3
       4
       6
       6
       1
       4
       4
      10
       4
       5
       2
       4
       4
       5
       8
       6
       5
       5
       7
       3
       9
       3
       5
       3
       4
       6
       6
       3
       7
       4
       5
       3
       1
       7
       1
       5
       9
       7
       3
       7
       2
       5
       7
       6
       5
       3
       7
       5
       4
       7
       5
       7
       3
       6
       2
       5
       5
       3
       2
       7
       4
       5
       8
      10
       4
       5
       0
       3
       4
       2
       4
       5
       6
       3
       4
       3
       4
       2
       6
       4
       3
       7
       3
       1
       2
       3
       8
       2
       4
       4
       3
       2
       0
       3
       0
       3
       1
       2
       6
       1
       5
       6
       3
       2
       3
       5
       8
       7
       3
       2
       3
       2
       5
       4
       7
       3
       4
       5
       2
       6
       6
       3
       2
       3
       4
       2
       1
       2
       2
       3
       4
       3
       1
       3
       3
       3
       4
       1
       2
       8
       6
       6
       5
       2
       9
       3
       2
       3
       2
       4
       3
       1
       2
       5
       2
       4
       6
       3
       1
      10
       1
       5
       4
       0
       3
       3
       3
       3
       3
       5
       2
       5
       3
       4
       5
       2
       3
       2
       1
       2
       3
       3
       1
       3
       7
       4
       3
       1
       6
       1
       5
       5
       4
       1
       3
       3
       3
       5
       8
       3
       3
       4
       1
       8
       4
       7
       3
       5
       6
       4
       5
       2
       6
       5
       4
       3
       3
       1
       1
       3
       2
       4
       1
       3
       7
       2
       3
       5
       4
       2
       2
       0
       3
       3
       1
       6
       4
       4
       2
       5
       5
       4
       3
       3
       5
       4
       7
       4
       2
       5
       4
       1
       4
       7
       3
       2
       3
       7
       4
       3
       4
       8
       6
       7
       5
       2
       6
       1
       1
       4
       2
       3
       6
       3
       6
       4
       4
       3
       2
       3
       2
       4
       5
       4
       3
       3
       1
       3
       3
       7
       1
       1
       4
       4
       2
       4
       8
       3
       3
       4
       7
       2
       3
       3
       3
       2
       4
       2
       4
       6
       2
       3
       2
       4
       3
       2
       0
       4
       1
       5
       7
       0
       1
       5
       3
       4
       1
       0
       3
       1
       0
       3
       4
       2
       3
       4
       3
       3
       1
       1
       2
       0
       0
       8
       3
       2
       2
       3
       1
       2
       2
       3
       2
       2
       3
       2
       2
       2
       2
       1
       2
       1
       5
       1
       4
       0
       5
       4
       0
       4
       5
       2
       1
       3
       3
       1
       2
       1
       3
       1
       0
       0
       2
       3
       1
       1
       1
       0
       2
       2
       2
       1
       3
       5
       4
       3
       0
       3
       3
       2
       0
       2
       5
       2
       1
       1
       2
       0
       1
       1
       3
       1
       2
       1
       2
       1
       2
       1
       3
       3
       1
       2
       2
       2
       0
       1
       2
       1
       3
       1
       0
       1
       1
       6
       1
       2
       3
       3
       3
       2
       0
       3
       1
       2
       2
       0
       0
       2
       1
       2
       4
       2
       0
       3
       2
       1
       2
       2
       1
       3
       4
       1
       1
       1
       0
       3
       2
       1
       2
       0
       0
       2
       2
       1
       1
       1
       0
       0
       2
       3
       2
       3
       1
       2
       1
       2
       3
       1
       4
       0
       1
       2
       2
       2
       0
       5
       4
       1
       0
       1
       1
       2
       1
       3
       1
       1
       3
       1
       1
       2
       0
       3
       2
       1
       3
       3
       1
       1
       2
       1
       4
       2
       0
       0
       3
       0
       2
       1
       1
       3
       2
       2
       2
       3
       4
       3
       2
       1
       2
       2
       3
       0
       1
       0
       2
       4
       2
       0
       0
       1
       0
       3
       1
       6
       7
       3
       3
       1
       1
       2
       0
       2
       2
       0
       2
       1
       4
       2
       4
       2
       3
       4
       4
       3
       2
       3
       3
       4
       3
       3
       4
       2
       3
       1
       5
       2
       2
       3
       1
       3
       7
       4
       4
       4
       2
       4
       1
       4
       3
       6
       4
       4
       7
       6
       3
       6
       4
       2
       4
       4
       4
       4
       1
       4
       7
       5
       3
       2
       2
       1
       7
       4
       4
      10
       6
       5
      10
       3
       5
       2
       7
      10
       4
       8
       7
       9
       6
       5
       7
       4
       3
       8
       3
       6
       5
       6
       3
       7
       4
      11
       4
       7
       3
       8
       4
       8
       4
       6
       5
       7
       5
       6
       3
       6
       7
       5
       5
       4
       6
       3
       5
       5
       5
       2
       2
       2
       6
       7
       3
       2
       7
       1
       2
       3
       2
       0
       3
      10
       4
       2
       6
       2
       6
       4
       3
       3
       8
       4
       3
       1
       1
       5
       2
       2
       4
       2
       5
       4
       2
       2
       1
       3
       2
       1
       1
       2
       2
       1
       3
       1
       6
       2
       1
       3
       3
       0
       1
       1
       2
       1
       2
       1
       1
       3
       0
       4
       0
       1
       0
       2
       1
       2
       1
       4
       0
       0
       2
       0
       1
       1
       4
       3
       1
       1
       1
       2
       1
       1
       1
       0
       0
       1
       1
       0
       2
       1
       0
       1
       1
       0
       1
       0
       0
       0
       0
       0
       0
       0
       0
       0
       0
       0
       0
       0
       0
       0
       0
       0
       0
       0
       0
       0
       0
       0
       0
       0
       0
       0
       0
       0
       0
       0
       0
       0
       0
       0
       0
       0
       0
       0
       0
       0
       0
       0
       0
       0
       0
       0
       0
       0
       0
       0
       0
       0
       0
       0
       0
       0
       0
       0
       0
       0
       0
       0
       0
       0
       0
       0
       0
       0
       0
       0
       0
       0
       0
       0
       0
       0
       0
       0
$ROI:
1
788 929
$PRESETS:
None
0
0
$ENER_FIT:
0.000000 0.000000
$MCA_CAL:
3
0.000000E+000 0.000000E+000 0.000000E+000 
$SHAPE_CAL:
3
0.000000E+000 0.000000E+000 0.000000E+000
