$SPEC_ID:
No sample description was entered.
$SPEC_REM:
DET# 1
DETDESC# LAB4C1 Easy-MCA-2k SN 20066403
AP# Maestro Version 7.01
$DATE_MEA:
11/08/2022 17:36:32
$MEAS_TIM:
808 809
$DATA:
0 2047
       0
       0
       0
       0
       0
       0
       0
       0
       0
       0
      48
      38
      37
      58
      50
      33
      51
      56
      56
      34
      57
      45
      48
      62
      49
      58
      61
      64
      51
      61
      46
      41
      67
      58
      52
      61
      61
      64
      73
      60
      72
      64
      76
      67
      91
      73
      75
      76
      73
      77
      79
      90
      94
      80
      99
      77
      76
      98
      75
      86
      76
     106
     104
     103
     111
      92
     107
     108
     115
     115
     102
     127
     106
     115
     139
     131
     142
     123
     168
     140
     149
     138
     142
     178
     167
     178
     193
     201
     190
     184
     206
     223
     192
     226
     233
     205
     233
     283
     220
     257
     268
     276
     300
     254
     298
     336
     295
     325
     341
     346
     353
     343
     334
     375
     340
     357
     361
     341
     327
     322
     317
     298
     306
     331
     310
     323
     331
     309
     331
     321
     329
     304
     331
     321
     323
     330
     338
     282
     338
     292
     278
     301
     257
     321
     289
     305
     313
     299
     317
     263
     292
     279
     272
     285
     288
     289
     291
     283
     277
     302
     246
     300
     276
     261
     278
     268
     296
     281
     262
     279
     287
     274
     281
     283
     273
     278
     255
     256
     240
     264
     260
     287
     283
     260
     260
     272
     224
     269
     266
     246
     239
     253
     252
     238
     238
     257
     266
     269
     261
     224
     229
     209
     217
     224
     204
     257
     234
     241
     224
     221
     228
     235
     235
     225
     229
     217
     197
     217
     193
     193
     216
     219
     187
     213
     225
     208
     199
     187
     216
     210
     193
     216
     179
     207
     202
     192
     194
     201
     203
     193
     182
     191
     194
     195
     195
     204
     152
     206
     185
     182
     205
     191
     202
     193
     193
     172
     182
     171
     172
     206
     181
     186
     179
     167
     177
     185
     169
     176
     177
     163
     151
     193
     159
     164
     163
     171
     147
     148
     158
     141
     151
     155
     144
     162
     142
     145
     149
     132
     136
     131
     135
     138
     135
     151
     133
     122
     135
     118
     133
     122
     136
     122
     127
     136
     130
     125
     122
     112
     116
     110
     132
     116
     131
     110
     128
     100
     121
     110
     119
     113
     102
     145
     125
     134
     130
     112
     113
     119
     115
     101
      95
      99
      88
     118
     113
     117
     107
     105
     110
     105
     106
      95
      92
      86
      91
      91
      80
      83
      95
      90
     104
      81
      73
     106
      88
      81
      74
      87
      73
      83
      67
      77
      75
      80
      82
      68
      68
      71
      69
      71
      73
      75
      71
      81
      67
      73
      67
      58
      87
      65
      71
      77
      64
      72
      87
      68
      63
      71
      77
      73
      70
      60
      71
      68
      80
      59
      68
      53
      80
      53
      72
      63
      54
      66
      61
      69
      66
      68
      53
      62
      53
      62
      66
      61
      56
      61
      57
      57
      64
      57
      45
      43
      63
      48
      50
      46
      38
      60
      54
      41
      46
      57
      55
      62
      64
      66
      40
      44
      64
      45
      48
      50
      54
      55
      59
      47
      48
      54
      55
      43
      34
      59
      40
      52
      47
      67
      47
      44
      40
      60
      62
      41
      55
      67
      42
      49
      39
      43
      57
      48
      58
      50
      59
      41
      43
      63
      44
      46
      36
      45
      47
      53
      53
      43
      46
      44
      41
      45
      32
      37
      45
      49
      46
      26
      37
      40
      24
      35
      33
      39
      30
      25
      37
      26
      29
      33
      37
      40
      36
      36
      27
      34
      36
      22
      27
      31
      38
      21
      31
      29
      36
      24
      27
      27
      29
      33
      34
      29
      33
      34
      39
      26
      27
      39
      23
      30
      26
      27
      25
      39
      25
      30
      25
      23
      32
      31
      27
      27
      26
      31
      27
      24
      20
      25
      25
      25
      32
      25
      26
      26
      33
      25
      15
      20
      23
      28
      37
      24
      24
      37
      25
      24
      20
      24
      23
      30
      18
      25
      22
      24
      27
      25
      24
      21
      24
      23
      28
      26
      24
      32
      21
      23
      20
      36
      22
      25
      22
      25
      32
      27
      35
      22
      31
      22
      28
      37
      28
      26
      24
      18
      24
      21
      10
      23
      20
      25
      15
      23
      22
      21
      25
      28
      19
      23
      21
      26
      19
      12
      31
      25
      16
      17
      26
      14
      23
      26
      15
      25
      22
      20
      17
      16
      20
      24
      21
      16
      17
      20
      20
      21
      24
      21
      26
      23
      14
      15
      20
      19
      14
      21
      24
      20
      27
      23
      19
      15
      18
      20
      19
      24
      26
      19
      26
      19
      16
      20
      17
      24
      18
      25
      26
      17
      23
      23
      20
      21
      14
      16
      22
      22
      21
      22
      13
      23
      20
      16
      17
      14
      18
      27
      13
      13
      17
      21
      20
      24
      14
      15
      12
      15
      24
      20
      11
      13
      18
      20
      15
      29
      16
      12
      12
      14
      18
      12
      15
      13
      23
       8
      16
      14
      15
      12
      20
       7
      13
      17
      21
      19
      14
      13
      17
      20
      19
      23
      23
      17
      13
      25
      15
      19
      20
      18
      15
      20
      17
      14
      10
      16
      19
      17
      22
      20
      17
      21
      14
      17
      23
      16
      13
      27
      21
      26
      30
      18
      27
      24
      16
      14
      18
      20
      20
      16
      21
      23
      28
      25
      15
      29
      18
      19
      19
      15
      24
      19
      21
      14
      13
      19
      13
      23
      20
      12
      22
      24
      15
      21
      16
      27
      16
      28
      24
      17
      21
      18
      16
      12
      18
      20
      17
      12
      21
      22
      32
      22
      26
      18
      27
      20
      21
      23
      27
      24
      32
      25
      22
      29
      25
      30
      20
      31
      30
      34
      14
      27
      29
      24
      41
      35
      32
      27
      38
      31
      23
      37
      26
      30
      40
      32
      39
      44
      31
      45
      36
      40
      50
      45
      41
      37
      37
      29
      47
      49
      42
      40
      38
      25
      46
      36
      35
      41
      25
      49
      30
      41
      30
      37
      36
      27
      33
      28
      27
      22
      49
      38
      19
      31
      23
      20
      29
      20
      21
      16
      20
      14
      25
      19
      16
      13
      13
      17
      19
      16
      19
      11
      17
      15
       8
       9
      12
       9
      10
      15
       8
      12
      18
      10
       9
       7
       9
      14
      10
       7
      12
      10
       7
       7
       6
       5
       9
       9
       7
      10
      10
       8
      11
       9
      10
       9
      12
       6
       8
       9
       6
       5
       6
       8
       4
       5
       7
      10
       8
       6
      11
       4
      10
       3
      12
       1
      15
       8
      12
       9
       3
       5
       7
      12
       8
       9
       7
      10
       5
       5
      10
       5
       7
       5
      10
      10
      10
       8
       8
      16
      10
      10
       7
      10
      13
       7
       7
       8
       9
       8
       7
       3
      12
       5
       7
       8
       8
      10
       6
      11
       6
       6
      10
       6
       9
       7
       3
       9
       4
       9
       7
       7
       6
       8
       9
      10
       9
       7
       8
       6
       6
       6
       8
       5
      13
       6
       6
       8
       3
       5
       6
       8
      11
       6
      10
       2
       6
       7
       7
       4
       6
       4
       4
       8
       5
       8
       7
       8
       8
       7
       6
      10
       5
       8
       5
       8
      10
       6
       3
       9
       8
       2
       6
       7
       5
       6
       7
       6
       8
       6
       6
       7
       7
       7
       4
       7
       6
      12
       7
       7
       6
       1
       5
       4
       7
       3
       3
       4
       8
       7
       5
       6
       5
       4
       4
       6
       5
       9
       8
       6
       9
       8
      10
       4
       4
       2
       9
      14
       5
      10
       9
      11
       8
       6
       4
       7
       8
      17
       5
       9
       4
      10
       7
       4
       7
       7
       3
       5
       3
       5
       3
       7
       6
       7
       8
       7
       8
       8
       8
      11
       8
       6
       8
       8
       6
       8
       5
       6
       9
       8
       6
       7
      12
       4
       6
       7
       6
       9
       5
       7
       5
       5
       4
       3
       3
      12
       7
       7
       5
       7
      10
      11
      10
       7
       6
       5
       6
      10
       4
       2
       5
       8
       8
       9
       7
      10
       6
       8
      10
      11
       7
       7
       1
       7
       3
       4
       8
       6
       4
       9
       8
       8
       5
       4
       9
       5
      11
      11
       7
       4
       3
       8
       3
       8
      12
       7
       4
       6
       5
      11
       6
       6
       7
      10
       4
       6
       2
       3
       5
       6
       8
       7
       5
       5
      10
       6
       8
       4
       8
       6
       5
       5
      16
       5
       6
       5
       4
       4
       5
      10
       8
       8
       6
       8
       5
       7
       5
       4
       8
       6
       5
       4
      11
      10
       5
       4
       5
       7
       4
       5
       5
       7
       4
       5
      10
       8
       2
       5
       3
       3
       2
       4
       2
       2
       4
       3
       4
       8
       3
       5
       8
       4
       2
       9
       8
       3
       7
       5
       3
       7
       6
       5
       5
       7
       4
       0
       7
       4
       2
       3
       7
       6
       5
       5
       5
       5
       4
       8
       6
       3
       8
       6
       2
       3
       4
       6
       3
       3
       3
       4
       5
       4
       3
       4
       3
       2
       6
       4
       6
       6
       3
       3
       8
       5
       7
       5
       7
       5
       7
      12
       2
       2
       4
       5
       6
       8
       4
       5
       7
       4
       5
       5
       5
       5
       7
       7
       4
       7
       5
       6
       5
       9
       4
       4
       7
      10
       7
       6
       4
       8
       1
       8
       2
       3
       4
       5
       5
       4
       9
       5
       7
       1
       5
       4
       6
       5
       2
       7
       7
       8
       5
       7
       5
       2
       1
       1
       5
       8
       5
       5
       6
       8
       5
       5
       9
       4
       5
      11
       4
       5
       7
       5
       6
       3
       6
       2
       8
       5
       8
       7
       7
       7
       3
       8
       1
       3
       7
       3
       7
       4
       3
       2
       5
       2
       5
       5
       9
       1
       5
       4
      10
       8
       6
       6
       7
       1
       3
       4
       3
       7
       2
       7
       2
       3
       5
       9
       9
       7
       5
       3
       6
       5
       1
       4
       3
       9
       5
       6
       6
       4
       4
       5
       3
       5
       4
       1
       6
       4
       6
       2
       6
       4
       3
       3
       3
       1
       4
       7
       5
       3
       1
       4
       3
       3
       4
       2
       4
       3
       4
       1
       6
       2
       2
       5
       3
       2
       2
       6
       5
       1
       2
       3
       4
       1
       8
       1
       3
       6
       2
       7
       5
       6
       1
       1
       5
       2
       3
       7
       3
       6
       4
       3
       1
       4
       3
       0
       4
       4
       5
       4
       1
       4
       4
       6
       2
       4
       4
       0
       4
       3
       7
       4
       1
       9
       8
       4
       1
       2
       5
       1
       6
       6
       4
       2
       4
       4
       1
       1
       4
       3
       2
       4
       4
       1
       3
       6
       3
       4
       3
       3
       4
       1
       2
       1
       5
       3
       3
       2
       2
       2
       6
       2
       4
       6
       0
       2
       2
       4
       3
       2
       1
       5
       3
       4
       5
       4
       1
       5
       0
       3
       0
       0
       2
       3
       1
       1
       3
       1
       4
       4
       1
       1
       3
       2
       1
       5
       4
       2
       1
       1
       1
       1
       4
       0
       3
       4
       2
       2
       1
       2
       6
       2
       0
       2
       0
       3
       2
       3
       1
       1
       0
       2
       2
       4
       1
       2
       4
       1
       4
       3
       0
       2
       1
       2
       1
       4
       1
       4
       4
       3
       0
       3
       2
       5
       2
       1
       2
       6
       2
       1
       1
       1
       0
       2
       1
       4
       0
       1
       1
       0
       2
       1
       0
       1
       5
       5
       2
       2
       5
       4
       2
       4
       3
       3
       3
       3
       2
       2
       4
       3
       1
       2
       3
       1
       5
       4
       2
       1
       2
       4
       1
       2
       5
       3
       4
       6
       3
       3
       1
       3
       3
       1
       5
       2
       4
       3
       1
       6
       4
       3
       3
       1
       8
       3
       1
       5
       4
       3
       3
       5
       4
       3
       4
       3
       4
       3
       4
       3
       4
       4
       5
       3
       3
       4
       3
       5
       3
       6
       5
       1
       3
       6
       4
       3
       3
       8
       2
       5
       2
       6
       6
       9
       8
       5
       9
       7
       1
       4
       7
       3
       6
       5
       6
       7
      13
       4
       8
       5
       9
       7
       9
       6
       8
       5
      11
       5
       4
      10
      12
       7
       9
      11
       3
      10
       9
      10
       8
      12
       8
       5
      14
       5
      13
       6
       7
       8
       6
       5
       7
       4
      12
       9
       5
       7
       3
       6
      10
      12
       9
       7
       9
      10
       8
       8
       7
       7
       5
       8
       3
       4
       4
       6
       2
       4
       6
       5
       3
       8
       2
       4
       6
       8
       6
       5
       7
       4
       5
       6
       5
       2
       5
       5
       4
       6
       4
       3
       2
       5
       7
       8
       1
       2
       4
       4
       5
       6
       4
       4
       4
       4
       3
       4
       1
       1
       7
       7
       4
       1
       4
       5
       6
       1
       1
       4
       5
       1
       3
       2
       3
       1
       1
       2
       3
       0
       1
       9
       3
       0
       0
       2
       4
       4
       0
       1
       3
       1
       2
       2
       2
       1
       2
       1
       1
       3
       4
       1
       2
       1
       3
       3
       0
       2
       1
       0
       1
       1
       1
       0
       0
       0
       0
       0
       0
       0
       0
       0
       0
       0
       0
       0
       0
       0
       0
       0
       0
       0
       0
       0
       0
       0
       0
       0
       0
       0
       0
       0
       0
       0
       0
       0
       0
       0
       0
       0
       0
       0
       0
       0
       0
       0
       0
       0
       0
       0
       0
       0
       0
       0
       0
       0
       0
       0
       0
       0
       0
       0
       0
       0
       0
       0
       0
       0
       0
       0
       0
       0
       0
       0
       0
       0
       0
       0
       0
       0
       0
       0
$ROI:
0
$PRESETS:
None
0
0
$ENER_FIT:
0.000000 0.000000
$MCA_CAL:
3
0.000000E+000 0.000000E+000 0.000000E+000 
$SHAPE_CAL:
3
0.000000E+000 0.000000E+000 0.000000E+000
