$SPEC_ID:
No sample description was entered.
$SPEC_REM:
DET# 1
DETDESC# LAB4C1 Easy-MCA-2k SN 20066403
AP# Maestro Version 7.01
$DATE_MEA:
11/08/2022 17:28:48
$MEAS_TIM:
1207 1207
$DATA:
0 2047
       0
       0
       3
       0
       0
       0
       0
       0
       0
       0
      74
      55
      77
      60
      60
      81
      76
      78
      72
     102
      87
      59
      88
      82
      83
      78
      74
      95
      70
      95
     108
      90
     106
      81
      84
      93
     102
      88
      81
     112
     127
     119
     104
     136
     119
     139
     143
     146
     153
     168
     193
     146
     175
     175
     171
     146
     167
     119
     181
     128
     154
     137
     144
     144
     145
     171
     178
     172
     180
     178
     179
     171
     180
     193
     183
     198
     208
     203
     225
     246
     221
     235
     238
     269
     277
     272
     292
     300
     268
     301
     290
     321
     356
     367
     338
     329
     350
     358
     388
     398
     383
     402
     442
     438
     461
     485
     505
     474
     533
     497
     526
     490
     551
     535
     538
     519
     550
     562
     506
     484
     497
     477
     478
     491
     490
     493
     489
     476
     451
     512
     498
     477
     473
     466
     495
     501
     481
     506
     450
     454
     481
     440
     419
     429
     472
     415
     432
     452
     447
     477
     442
     419
     429
     448
     457
     451
     448
     469
     434
     385
     433
     472
     425
     409
     437
     452
     415
     441
     459
     393
     411
     435
     424
     413
     447
     424
     388
     448
     380
     377
     373
     420
     373
     368
     385
     407
     402
     395
     320
     369
     368
     375
     394
     359
     394
     369
     385
     341
     369
     372
     363
     357
     336
     384
     364
     319
     380
     353
     369
     355
     372
     342
     305
     316
     332
     336
     375
     315
     365
     304
     322
     279
     297
     333
     322
     317
     317
     295
     267
     282
     281
     285
     281
     302
     261
     290
     293
     295
     277
     291
     286
     314
     289
     283
     310
     273
     295
     304
     290
     309
     305
     304
     308
     329
     266
     282
     293
     257
     311
     261
     294
     289
     298
     313
     278
     260
     272
     282
     255
     253
     260
     248
     252
     288
     224
     253
     261
     259
     249
     230
     221
     218
     235
     210
     228
     228
     207
     223
     233
     225
     199
     208
     211
     201
     214
     196
     198
     199
     174
     184
     192
     185
     191
     197
     220
     190
     193
     167
     202
     196
     176
     199
     160
     202
     172
     172
     202
     184
     179
     185
     171
     193
     140
     166
     174
     191
     192
     158
     187
     174
     187
     169
     164
     143
     169
     166
     175
     152
     181
     168
     147
     133
     153
     153
     145
     143
     138
     136
     132
     128
     106
     128
     150
     133
     128
     104
     137
     121
     126
     129
     137
     147
     115
     122
     137
     119
     128
     122
     127
     102
     125
     122
     119
     123
     104
     115
     105
     100
     109
     134
     106
     101
     145
     112
     109
     115
     100
     122
     101
     105
     106
     110
     114
     105
      88
      99
     103
      99
      77
      99
     105
      95
     116
     106
      93
     106
      90
      93
      95
      80
      96
      88
      96
     102
      87
     117
     105
      93
      97
      92
      79
      81
      70
      88
      96
      86
      66
      77
      80
      82
      74
      93
      75
      91
      79
      81
      65
      84
      77
      93
      83
      87
      86
      84
      84
      72
      79
      83
      80
      96
      82
      97
      80
      81
      72
      67
      58
      75
      86
      89
      82
      77
      81
      82
      97
      83
      83
      54
      83
      84
      75
      70
      81
      61
      69
      80
      68
      69
      77
      74
      79
      66
      72
      75
      84
      67
      56
      83
      75
      67
      52
      80
      68
      52
      75
      66
      61
      56
      59
      61
      55
      63
      52
      68
      61
      52
      52
      58
      41
      60
      50
      49
      61
      59
      55
      55
      66
      48
      51
      45
      57
      59
      51
      38
      45
      50
      56
      45
      50
      41
      44
      61
      40
      44
      48
      65
      50
      52
      52
      58
      36
      52
      46
      39
      51
      54
      40
      35
      34
      41
      43
      43
      41
      39
      44
      41
      47
      49
      62
      49
      34
      45
      46
      53
      41
      43
      39
      38
      46
      44
      38
      38
      44
      46
      48
      44
      48
      40
      46
      33
      48
      40
      45
      40
      36
      40
      43
      42
      49
      37
      30
      36
      37
      37
      33
      46
      39
      37
      42
      37
      34
      42
      33
      37
      48
      45
      44
      28
      39
      40
      40
      43
      32
      39
      39
      39
      32
      47
      36
      38
      31
      52
      31
      36
      42
      45
      32
      37
      29
      40
      35
      35
      44
      38
      39
      32
      31
      31
      34
      30
      36
      41
      23
      32
      19
      32
      43
      38
      31
      38
      30
      31
      32
      39
      30
      29
      32
      33
      28
      22
      26
      27
      38
      40
      31
      27
      32
      25
      28
      40
      28
      30
      30
      25
      26
      27
      29
      38
      36
      29
      31
      31
      30
      22
      36
      24
      27
      32
      32
      43
      35
      39
      27
      20
      28
      33
      33
      18
      27
      30
      28
      35
      33
      23
      32
      24
      30
      28
      25
      30
      29
      35
      31
      35
      33
      25
      26
      22
      30
      26
      38
      31
      28
      23
      25
      35
      31
      21
      20
      34
      27
      32
      28
      29
      28
      20
      25
      25
      26
      32
      26
      26
      23
      29
      26
      28
      29
      36
      29
      37
      31
      35
      31
      31
      17
      22
      26
      33
      18
      39
      31
      20
      29
      41
      29
      24
      33
      35
      35
      30
      46
      33
      25
      23
      29
      30
      32
      36
      21
      41
      22
      33
      37
      26
      26
      45
      41
      35
      27
      35
      29
      32
      22
      27
      27
      36
      28
      32
      26
      28
      32
      20
      37
      33
      27
      27
      27
      39
      24
      41
      37
      28
      46
      28
      43
      38
      28
      43
      32
      42
      49
      44
      40
      61
      41
      54
      36
      34
      27
      55
      53
      52
      52
      50
      53
      47
      57
      65
      53
      52
      59
      74
      65
      64
      71
      76
      77
      65
      65
      80
      70
      72
      81
      83
      90
      73
     108
      97
      98
      95
      84
      85
     110
     109
      95
     104
      98
      89
     103
      81
      93
      91
      79
     103
      83
      81
      90
      89
      80
      75
      79
      82
      63
      97
      92
      72
      81
      76
      80
      72
      61
      64
      64
      68
      73
      51
      50
      64
      53
      52
      46
      55
      35
      47
      37
      27
      35
      37
      33
      29
      30
      34
      34
      29
      24
      36
      25
      24
      15
      19
      21
      18
      13
      18
      16
      22
      20
      17
      18
      12
      15
      19
      13
       9
      12
      19
      17
      10
       8
      14
      16
      13
      12
      15
      14
      10
      16
      19
      13
      20
      10
      10
      13
      12
      11
      11
       8
      17
      11
      15
      13
       8
      12
      12
      14
      14
      12
      14
       9
      15
      11
       7
      10
      16
      18
      14
      15
      11
      13
       7
       6
      15
      12
      14
      15
      13
      11
      10
      14
      15
      15
      12
      14
      10
       8
      15
      11
      14
      10
      13
      12
      20
      11
      10
       9
      12
       9
      10
      14
      21
      21
       9
      15
      16
      12
      11
      13
      14
       9
       6
       5
      13
      10
      10
      10
      15
      11
      11
      11
       8
      13
       6
      14
      13
       5
      10
      10
       6
      14
      11
       9
       6
       7
      12
       7
      10
       9
      10
      14
      10
      16
      15
      13
       7
      12
      12
       8
       9
       9
      12
       9
      10
      12
       7
      11
       4
       5
      10
      10
      15
      10
       5
       7
       8
       8
      11
       8
      10
       7
      17
      14
       8
       7
      12
       9
       7
       8
      13
       6
       9
       8
       9
       8
       8
      10
       7
      13
      14
      16
      10
      10
      12
       5
       7
       5
      11
      15
      11
       8
       5
       9
      12
      10
      16
      11
       5
      11
      10
      13
      11
      17
      13
       5
      11
      14
       8
      11
      12
      10
       8
       1
       7
      10
       6
      13
       7
      11
      14
       7
       8
      11
      15
      14
       6
      13
      12
       9
      14
       3
      12
      13
       5
       7
      11
      11
       9
       8
       9
       7
      13
      17
      11
       8
      10
      11
      12
       5
      20
       9
       8
      13
      10
      14
      15
       5
      12
      10
       8
       5
      15
       7
       8
       9
       6
       8
       7
       5
      11
      10
      12
      15
      12
      15
       9
      14
       7
      13
       7
       9
      12
      13
      10
       7
      10
      11
      12
      14
       9
      10
      10
      10
      10
       9
      11
      10
      11
      12
       9
      10
      13
      12
      10
      12
      10
       9
      12
      10
      14
       8
       7
       5
      14
       9
       9
      14
      16
      12
      13
      11
       9
      13
       7
      11
      10
       9
      10
      10
       8
       6
      14
      15
      12
      10
      11
       7
       4
       5
       8
      11
       6
       8
       9
      10
       8
       7
      11
       9
       7
       4
       6
       8
      13
       7
      13
       5
       7
      10
      17
       5
       8
      10
       8
       9
       9
       7
      12
      14
       7
       8
       6
      12
       8
      10
       7
       9
       3
       8
       4
       7
       4
       8
      10
       7
       8
      10
       8
       5
       7
       9
       7
       9
       8
      10
      10
       6
      13
      10
       6
       9
      14
       7
       8
       8
       8
       9
      10
       3
       3
       3
      10
      11
       2
       8
      11
       6
       7
       7
       8
       3
       7
       4
       4
       7
       7
       6
       8
      11
      14
      12
       7
       6
       7
       5
       5
      10
       7
      12
       4
       7
       5
       5
      10
       6
       9
       6
       7
      10
       9
       5
       5
      10
      10
       3
       9
      11
       9
       8
       5
       9
       6
       8
       8
       6
       3
       7
       4
       6
       6
       4
       5
       7
       6
       6
      15
       5
       9
       8
       6
       5
      10
      10
       7
       6
       8
       9
      11
       8
       8
       7
       8
      11
       9
       7
      13
      10
       7
       8
       5
       7
       7
       7
      11
       4
       7
       7
       7
      10
       6
       6
       9
      13
       8
       4
      11
       5
       9
       9
       5
       7
       6
       5
       8
       6
      10
       9
       5
       7
       8
       4
       7
      11
       6
      14
       9
      10
      13
       6
       5
       9
       6
      11
       5
       6
       9
       3
       6
       6
       7
      10
       8
       7
       5
       7
       5
       7
      10
       8
       4
       7
       7
      11
       7
       6
       4
       7
       6
       7
       6
       7
      12
       5
       2
       4
       7
      14
       2
       8
       4
       6
       5
       9
      10
      12
       9
       6
       3
       6
       6
       2
       4
       5
       4
       8
       4
      11
       3
       4
       8
       7
       4
       5
       9
       6
       7
       5
       7
       5
       6
       8
       5
       6
       8
       1
       4
       5
       5
       6
       3
      10
       5
       3
       2
       2
       1
       4
       4
       7
      11
       4
       4
       2
       7
       0
       5
       7
       6
       5
       2
       5
       6
       7
       3
       6
       5
       6
       4
       8
       5
       4
      10
       7
       1
       5
       3
       4
       5
       6
       3
       3
       6
       7
       3
       3
       6
       1
       6
       4
       3
       7
       8
       4
       5
       7
       6
       4
       3
       2
       2
       2
       6
       4
       4
       1
       2
       6
       5
       6
       3
       3
       1
       2
       1
       9
       3
       2
       7
       4
       3
       7
       4
       7
       7
       5
       4
       0
       3
       6
       3
       4
       2
       4
       5
       2
       6
       1
       2
       4
       5
       3
       3
       5
       3
       1
       4
       7
       3
       3
       7
      12
       3
       7
       0
       3
       3
       4
       3
       5
       0
       2
       1
       2
       1
       4
      12
       2
       2
       3
       1
       0
       2
       3
       3
       1
       5
       3
       2
       3
       0
       3
       1
       1
       3
       8
       3
       7
       3
       4
       3
       2
       2
       5
       5
       1
       7
       6
       6
       5
       7
       1
       4
       3
       3
       3
       7
       2
       1
       5
       4
       4
       2
       6
       5
       4
       3
       9
       5
       0
       2
       3
       4
       1
       7
       3
       2
       8
       0
       3
       4
       4
       8
       4
       1
       4
       4
       2
       8
       5
       2
       6
       5
       4
       4
       4
       6
       5
       4
       1
       3
       2
       5
       4
       2
       4
       5
       6
       3
       4
       2
       3
       4
       6
       3
       2
       3
       3
       5
       5
       7
       7
       7
       6
       6
       4
       4
       4
       5
       5
       7
       9
       4
       4
       4
       6
       6
       5
       8
       7
       6
       9
       4
       8
       3
       8
       8
       7
       4
       6
       6
       9
       7
       6
       4
       8
       7
      11
       6
       8
       7
       7
       2
      12
      11
      10
       6
       8
       5
       4
       7
       8
      13
       6
       7
      10
       9
      10
       9
       6
      13
       9
      10
       9
      15
       6
      14
      11
       8
      11
      11
      16
       6
       7
       9
       9
      10
      16
       7
       6
      14
       8
       7
      12
       9
      11
      14
       9
       9
      12
       8
      13
      10
      14
      11
       7
       8
       9
       9
      10
       7
      14
      15
       8
       6
       8
      15
       8
      12
      14
       9
      11
       7
       9
       6
       9
       6
       6
      11
      14
       5
      12
       5
       9
      10
       8
       5
       6
       6
       7
      13
       9
       5
       5
       5
      11
       4
       9
       4
       4
       5
       4
       4
       7
      12
       8
       4
       6
       3
       4
      12
       3
       3
       1
       2
       5
       8
       2
       8
       1
       4
       5
       6
       2
       5
       7
       3
       6
       3
       1
       1
       1
       5
       1
       3
       1
       1
       0
       1
       3
       3
       1
       2
       3
       1
       2
       2
       6
       1
       3
       2
       2
       2
       5
       2
       3
       4
       0
       2
       4
       1
       3
       0
       0
       0
       0
       0
       0
       0
       0
       0
       0
       0
       0
       0
       0
       0
       0
       0
       0
       0
       0
       0
       0
       0
       0
       0
       0
       0
       0
       0
       0
       0
       0
       0
       0
       0
       0
       0
       0
       0
       0
       0
       0
       0
       0
       0
       0
       0
       0
       0
       0
       0
       0
       0
       0
       0
       0
       0
       0
       0
       0
       0
       0
       0
       0
       0
       0
       0
       0
       0
       0
       0
       0
       0
       0
       0
       0
       0
       0
       0
$ROI:
0
$PRESETS:
None
0
0
$ENER_FIT:
0.000000 0.000000
$MCA_CAL:
3
0.000000E+000 0.000000E+000 0.000000E+000 
$SHAPE_CAL:
3
0.000000E+000 0.000000E+000 0.000000E+000
