$SPEC_ID:
No sample description was entered.
$SPEC_REM:
DET# 1
DETDESC# LAB4C1 Easy-MCA-2k SN 20066403
AP# Maestro Version 7.01
$DATE_MEA:
11/08/2022 17:50:38
$MEAS_TIM:
713 713
$DATA:
0 2047
       0
       0
       0
       0
       0
       0
       0
       0
       0
       1
      37
      28
      44
      28
      39
      45
      39
      41
      41
      40
      42
      38
      48
      42
      35
      41
      35
      40
      40
      46
      57
      37
      48
      43
      55
      57
      66
      69
      66
      55
      76
      69
      68
      65
      55
      83
      78
      61
      79
      69
      59
      72
      62
      76
      87
      64
      66
      82
      87
      88
      78
      70
      75
      96
      99
      77
      90
     114
      96
     105
     112
     120
     100
      98
     108
     109
     127
     142
     124
     140
     130
     133
     130
     149
     140
     144
     167
     184
     164
     197
     187
     165
     193
     211
     206
     225
     225
     247
     218
     243
     271
     242
     253
     265
     268
     272
     292
     281
     298
     319
     292
     301
     292
     300
     311
     300
     305
     285
     316
     280
     285
     284
     265
     286
     284
     293
     272
     280
     273
     288
     304
     275
     269
     277
     271
     278
     284
     255
     279
     276
     298
     280
     253
     236
     268
     256
     227
     264
     270
     273
     254
     238
     296
     255
     237
     244
     230
     262
     282
     239
     260
     257
     230
     247
     284
     278
     244
     246
     221
     250
     230
     228
     269
     262
     244
     236
     214
     246
     258
     245
     231
     237
     200
     208
     217
     217
     236
     215
     233
     206
     187
     218
     226
     220
     191
     249
     207
     226
     219
     203
     201
     240
     220
     194
     199
     200
     193
     197
     201
     218
     208
     188
     229
     208
     218
     176
     168
     190
     174
     185
     196
     199
     168
     181
     183
     199
     187
     176
     182
     157
     178
     193
     142
     181
     173
     183
     154
     172
     173
     159
     145
     185
     200
     183
     163
     173
     185
     148
     155
     144
     157
     169
     158
     149
     152
     164
     191
     166
     187
     126
     164
     154
     156
     160
     144
     165
     142
     146
     135
     156
     146
     160
     144
     147
     151
     142
     140
     127
     132
     115
     116
     133
     110
     117
     106
     123
     132
     125
     121
     119
     122
     112
     145
      99
     118
     131
     127
     110
      92
     135
      97
     113
     103
     114
     128
     101
      97
     125
     122
      93
     121
     114
     112
      81
      95
      97
      89
      99
     108
      80
     113
      79
     111
     126
     122
     102
     105
      90
     113
     110
      88
      93
     107
     103
      83
      90
      88
      75
      82
      76
      81
      82
      91
      97
      73
      82
      81
      82
      80
      77
      70
      69
      83
      66
      73
      52
      80
      67
      64
      75
      62
      84
      60
      61
      72
      85
      69
      57
      76
      86
      61
      72
      67
      73
      79
      58
      72
      58
      68
      75
      69
      69
      64
      61
      68
      85
      61
      57
      45
      71
      63
      79
      54
      68
      64
      68
      58
      77
      65
      51
      58
      58
      45
      56
      46
      59
      53
      50
      55
      45
      60
      49
      56
      56
      51
      57
      63
      46
      52
      46
      47
      44
      33
      49
      42
      56
      54
      38
      42
      38
      43
      44
      53
      44
      42
      39
      39
      46
      44
      55
      52
      46
      45
      47
      48
      43
      47
      39
      50
      47
      63
      42
      52
      50
      37
      25
      58
      38
      37
      47
      47
      50
      38
      38
      46
      47
      45
      40
      48
      44
      43
      51
      42
      48
      40
      35
      35
      35
      29
      45
      36
      42
      37
      40
      46
      35
      39
      29
      31
      25
      26
      25
      47
      28
      36
      40
      33
      41
      39
      31
      29
      32
      34
      27
      34
      31
      23
      29
      31
      29
      32
      38
      33
      26
      31
      32
      30
      30
      21
      31
      23
      32
      27
      25
      23
      31
      23
      19
      25
      25
      27
      23
      20
      24
      28
      26
      17
      18
      27
      26
      22
      20
      27
      28
      20
      28
      25
      33
      18
      23
      28
      31
      20
      17
      22
      19
      27
      20
      22
      20
      22
      17
      27
      31
      18
      22
      23
      17
      23
      20
      16
      16
      21
      25
      25
      23
      21
      25
      16
      24
      23
      15
      25
      27
      22
      24
      23
      20
      19
      22
      26
      22
      28
      21
      15
      25
      27
      20
      24
      19
      19
      26
      21
      25
      16
      21
      23
      31
      17
      19
      18
      20
      26
      21
      31
      26
      21
      23
      25
      20
      16
      20
      22
      13
      23
      22
      31
      14
      16
      12
      28
      16
      23
      12
      16
      17
      18
      16
      21
      22
      20
      11
      25
      22
      16
      18
      12
      21
      27
      22
      17
      17
      18
      19
      16
      26
      20
      20
      14
      18
      21
      18
      15
      18
      22
      15
      23
      12
      17
      18
      20
      22
      10
      17
      17
      12
      12
      20
      19
      27
      20
      20
      20
      29
      20
      18
      11
      18
      13
      11
      14
      15
      15
      19
      16
      16
      14
       9
      13
      14
      18
       7
      13
      14
      17
      13
      17
      19
      17
      12
      17
      11
      15
      14
      16
      20
      14
      22
      14
      16
      25
      19
      17
      16
      21
      11
      20
      14
       9
      20
      11
      14
      14
      18
      19
      13
      11
      14
      15
      14
      21
      13
      14
      14
      18
      18
      17
      15
      24
       9
      17
      19
      15
      21
      15
      16
      20
      15
      24
      14
      11
      15
      12
      11
      15
      11
      25
      18
      17
      17
      16
      17
      24
      19
      25
      15
      20
      19
       8
      10
      19
      21
      21
      26
      28
      16
      17
      24
      21
      19
       7
      17
      15
      17
      17
      17
      15
      14
      18
      14
      20
      16
      19
      16
      23
      13
      10
      22
      25
      20
      14
      15
      16
      25
      19
      13
      21
      15
      12
      26
      18
      31
      12
      15
      23
      15
      13
      28
      21
      32
      27
      21
      18
      20
      21
      19
      26
      31
      23
      23
      26
      33
      22
      24
      35
      46
      34
      19
      29
      37
      33
      28
      29
      36
      21
      42
      37
      28
      36
      35
      26
      38
      36
      42
      37
      45
      42
      27
      36
      31
      33
      44
      49
      38
      39
      45
      34
      44
      33
      31
      33
      35
      34
      33
      19
      30
      27
      25
      27
      23
      23
      29
      23
      21
      26
      28
      13
      34
      19
      16
      12
      16
      23
      23
      18
      27
      20
      19
      17
      17
      14
      11
      17
      15
      17
      12
      14
      14
      19
      11
      12
      11
       4
      14
      10
      10
       5
      11
       4
      13
      15
      10
      13
       9
       6
      11
      14
       4
       8
       9
      11
       7
       7
       6
      15
       3
      17
       5
      10
       7
       9
      11
      13
      10
       7
       6
       7
      11
       4
       7
       9
       4
       6
       8
       8
       7
       5
       9
       8
       9
       7
       6
      10
       6
      13
       6
       6
       4
      11
       9
       5
       9
      12
       6
       5
       7
       8
      10
       6
       9
       9
       8
      10
       6
       7
       9
       9
       7
       8
       7
       5
       7
       4
       7
       7
      12
       7
       6
       9
       8
       4
       8
       4
       1
       8
       8
       8
       5
      11
       9
       6
       6
      12
       8
       7
      11
       7
       9
       8
      11
       5
       3
      10
       7
       9
       4
       5
       5
       8
       6
       6
       6
       7
       5
       7
       3
       3
       4
       3
       8
       3
       7
       6
       7
       6
       6
       3
       5
       6
       1
       7
       9
       3
       9
       5
       5
       6
       7
       6
       6
       5
       4
       4
       5
       8
       4
       4
       2
      11
       4
       5
      10
      10
      11
       8
       7
       4
       2
       5
       5
       6
       2
       8
      11
       8
       7
       7
      11
       9
       7
       9
      11
       8
       4
       9
       5
       7
       6
       6
       6
       8
       4
       8
       7
       6
       6
       7
       6
       4
       3
       8
       8
       6
       6
       8
       8
       4
       4
       7
       8
       3
       7
       3
       7
       5
       7
       3
       5
       5
      14
       8
       7
       5
       8
       7
       9
       8
       8
       9
       3
       5
       3
       9
       8
       6
       8
       6
       7
       6
       4
       2
       6
      11
       5
       1
       5
       6
       4
       5
       8
       7
       8
       6
       5
       2
      11
       4
       6
       5
       5
       8
       9
       8
       6
       4
       3
       4
      10
       6
       4
       8
       9
       6
       9
       5
       7
       7
       6
       7
       6
      10
       7
       7
       9
       4
       7
       9
       8
       5
       3
       7
       4
       8
      10
       5
       3
       7
       4
       6
       4
       7
       7
       5
       4
       5
       7
      12
       5
      11
       8
       4
       4
       7
       9
       3
      11
      10
       5
       3
       3
       3
       7
       8
       4
       2
       9
       5
       7
       7
       4
       4
       7
       3
       8
       7
       7
       6
       4
       2
       5
       7
       3
       1
       4
       2
       1
       6
       4
      10
       5
       4
      11
       4
       7
       6
      12
       3
       4
       4
       5
       7
       2
       7
      11
       4
       7
       7
       6
       7
       4
       6
       2
       4
       4
       3
       7
       7
       2
       1
       3
       6
       4
      11
       1
       3
       2
       6
       3
       0
       4
       5
       2
       6
       3
       2
       7
       3
       4
       2
       4
       5
       6
       3
       4
       5
       8
       8
       2
       4
       6
       3
       1
       5
       8
       7
       5
       2
       5
       4
       6
       6
       5
       6
       9
       5
       8
       5
       4
       7
       3
       7
       6
       2
       4
       5
       0
       2
       4
       4
       9
       3
       6
       1
       6
       5
       1
       2
       4
       4
       6
       4
       8
       3
       3
       8
       5
       1
       9
       3
       2
       1
       3
       6
       5
       6
       7
       2
       5
       4
       4
       7
       6
       3
       5
       6
      10
       3
       6
       2
       4
       2
      11
       4
       2
       4
       3
       5
       5
       8
      11
       9
       5
       4
       4
       2
       4
       3
       6
       5
       3
       2
       3
       4
       8
       5
       3
       6
       9
       4
       5
       5
       4
       2
       3
       7
       8
       2
       3
       2
       4
       5
       4
       2
       5
       8
       5
       4
       3
       4
       6
       5
       4
       5
       0
       4
       5
       6
       4
       4
       5
       1
       4
       5
       3
       5
       7
       4
       3
       3
       2
       6
       5
       6
       1
       6
       2
       2
       4
       2
       3
       4
       2
       4
       4
       5
       2
       7
       3
       5
       5
       0
       3
       4
       3
       6
       0
       7
       5
       4
       2
       3
       3
       2
       3
       3
       9
       2
       1
       3
       4
       4
       4
       2
       4
       3
       1
       2
       3
       6
       6
       3
       4
       4
       1
       3
       4
       5
       2
       7
       8
       4
       1
       2
       2
       6
       2
       3
       3
       3
       4
       2
       5
       1
       3
       2
       5
       5
       2
       3
       1
       4
       3
       5
       4
       0
       3
       5
       2
       4
       2
       1
       2
       3
       4
       2
       4
       2
       0
       3
       3
       4
       1
       0
       1
       1
       0
       5
       0
       1
       1
       1
       3
       3
       2
       3
       2
       3
       2
       0
       8
       5
       1
       4
       3
       1
       0
       2
       7
       3
       0
       1
       2
       3
       0
       2
       4
       1
       2
       2
       5
       7
       3
       3
       1
       5
       7
       0
       0
       5
       2
       3
       3
       3
       2
       3
       0
       2
       2
       1
       1
       2
       2
       1
       0
       3
       2
       0
       0
       2
       3
       7
       2
       0
       2
       1
       1
       4
       2
       3
       2
       4
       5
       2
       1
       1
       2
       1
       2
       1
       1
       4
       4
       0
       0
       0
       1
       3
       0
       5
       1
       0
       3
       1
       3
       0
       1
       0
       1
       4
       1
       2
       5
       3
       1
       3
       3
       0
       1
       1
       0
       5
       2
       0
       0
       2
       0
       3
       3
       2
       4
       1
       2
       1
       2
       3
       4
       1
       5
       2
       3
       2
       0
       3
       3
       1
       5
       0
       1
       4
       3
       2
       0
       2
       1
       1
       4
       2
       2
       2
       2
       1
       2
       1
       6
       2
       3
       1
       0
       3
       2
       2
       1
       3
       1
       1
       2
       2
       3
       2
       9
       5
       4
       2
       2
       2
       1
       1
       1
       3
       4
       3
       6
       2
       2
       3
       5
       3
       3
       0
       2
       7
       7
       4
       4
       4
       3
       2
       5
       1
       4
       2
       1
       4
       9
       3
       6
       6
       4
       1
       4
       2
       1
       3
       4
       6
       6
       3
       2
       3
       4
       4
       5
       2
       3
       5
       4
       7
       3
       4
       4
       6
       5
       6
       8
       3
       4
       4
       6
      10
       5
       5
       6
      11
       7
      12
       4
       8
       5
       9
       5
       8
       6
       9
       5
       6
       3
       5
       8
       7
       6
       7
       4
       6
       8
       2
       7
       7
       4
       9
       4
       8
       6
       7
      13
       6
       7
       3
       6
       6
       3
       7
       6
       6
       6
       9
       6
       3
       7
       9
       8
       2
       7
       8
       5
      10
       7
       3
       4
       4
       6
       3
       3
       5
       4
       5
       3
       3
       8
       1
       8
       5
       4
       3
       8
       5
       6
       7
       7
       2
       5
       1
       6
       3
       8
       3
       2
       4
       1
       5
       2
       5
       6
       3
       4
       2
       2
       5
       3
       0
       3
       4
       2
       1
       2
       1
       5
       4
       1
       2
       1
       0
       1
       3
       2
       1
       1
       3
       3
       6
       2
       1
       0
       2
       2
       2
       2
       1
       0
       1
       0
       2
       0
       0
       1
       1
       1
       2
       1
       3
       2
       4
       1
       0
       4
       2
       2
       0
       4
       1
       0
       0
       0
       0
       0
       0
       0
       0
       0
       0
       0
       0
       0
       0
       0
       0
       0
       0
       0
       0
       0
       0
       0
       0
       0
       0
       0
       0
       0
       0
       0
       0
       0
       0
       0
       0
       0
       0
       0
       0
       0
       0
       0
       0
       0
       0
       0
       0
       0
       0
       0
       0
       0
       0
       0
       0
       0
       0
       0
       0
       0
       0
       0
       0
       0
       0
       0
       0
       0
       0
       0
       0
       0
       0
       0
       0
       0
       0
       0
$ROI:
1
799 946
$PRESETS:
None
0
0
$ENER_FIT:
0.000000 0.000000
$MCA_CAL:
3
0.000000E+000 0.000000E+000 0.000000E+000 
$SHAPE_CAL:
3
0.000000E+000 0.000000E+000 0.000000E+000
