$SPEC_ID:
No sample description was entered.
$SPEC_REM:
DET# 1
DETDESC# LAB4C1 Easy-MCA-2k SN 20066403
AP# Maestro Version 7.01
$DATE_MEA:
11/08/2022 16:34:15
$MEAS_TIM:
194 198
$DATA:
0 2047
       0
       0
       0
       0
       0
       0
       0
       0
       0
      12
     445
     399
     424
     474
     462
     415
     413
     430
     381
     402
     380
     435
     384
     417
     421
     436
     445
     438
     463
     430
     456
     433
     467
     469
     511
     502
     495
     537
     571
     637
     641
     729
     838
     884
     994
    1108
    1338
    1403
    1547
    1669
    1666
    1603
    1530
    1409
    1242
    1081
     992
     831
     806
     741
     620
     611
     533
     555
     544
     484
     526
     517
     473
     517
     489
     456
     479
     515
     487
     488
     500
     499
     464
     499
     518
     516
     510
     527
     497
     519
     552
     553
     550
     549
     563
     615
     561
     569
     577
     578
     567
     590
     601
     614
     650
     641
     606
     646
     664
     640
     705
     697
     677
     734
     750
     722
     690
     708
     679
     642
     670
     665
     690
     675
     661
     659
     621
     651
     628
     641
     660
     595
     694
     605
     615
     664
     679
     657
     641
     629
     640
     601
     643
     612
     619
     594
     627
     640
     597
     610
     599
     605
     622
     654
     612
     627
     651
     596
     671
     652
     674
     634
     643
     663
     655
     654
     662
     686
     663
     670
     680
     674
     738
     711
     716
     678
     700
     705
     680
     659
     674
     699
     669
     703
     739
     686
     720
     704
     662
     686
     705
     701
     682
     688
     741
     756
     667
     712
     725
     716
     694
     723
     709
     728
     744
     698
     661
     679
     714
     710
     714
     726
     699
     669
     695
     717
     693
     687
     703
     741
     716
     744
     742
     713
     763
     704
     704
     723
     753
     684
     719
     752
     756
     762
     697
     736
     738
     754
     717
     750
     763
     720
     754
     811
     752
     836
     790
     860
     840
     829
     798
     860
     850
     869
     890
     954
     906
     884
     939
     932
     943
     919
     990
     955
     944
     955
     973
    1002
    1014
    1009
     934
    1024
     989
    1034
    1007
    1025
    1055
     998
     971
     984
    1014
    1028
    1021
    1038
     977
     941
    1003
    1065
    1019
     927
     914
     965
     925
     904
     974
     974
     870
     886
     928
     841
     905
     911
     884
     848
     895
     820
     868
     848
     785
     921
     835
     795
     828
     792
     824
     817
     737
     769
     818
     703
     768
     738
     739
     756
     729
     719
     686
     727
     721
     721
     742
     677
     723
     636
     685
     680
     632
     698
     666
     696
     629
     646
     633
     623
     592
     658
     618
     643
     628
     610
     597
     628
     609
     644
     635
     580
     634
     616
     579
     545
     587
     552
     590
     577
     550
     586
     607
     557
     545
     519
     532
     551
     540
     537
     540
     531
     517
     494
     488
     536
     540
     520
     499
     500
     510
     515
     525
     495
     478
     486
     529
     521
     528
     522
     517
     469
     457
     449
     487
     495
     460
     443
     455
     497
     501
     477
     431
     452
     503
     442
     465
     490
     441
     464
     469
     463
     481
     447
     411
     451
     470
     440
     428
     444
     417
     414
     449
     413
     433
     409
     433
     412
     464
     405
     391
     435
     419
     386
     423
     467
     401
     441
     426
     440
     407
     420
     437
     443
     450
     421
     437
     420
     435
     391
     373
     389
     426
     416
     378
     389
     406
     388
     396
     418
     413
     403
     387
     406
     384
     423
     399
     421
     451
     371
     427
     400
     375
     370
     392
     389
     407
     375
     405
     421
     377
     413
     374
     403
     416
     382
     402
     450
     407
     421
     394
     409
     395
     428
     373
     445
     371
     417
     418
     436
     394
     402
     365
     369
     440
     399
     373
     401
     401
     395
     410
     346
     371
     444
     361
     385
     408
     394
     348
     342
     389
     417
     365
     387
     380
     416
     361
     382
     400
     410
     386
     391
     393
     382
     355
     397
     399
     379
     392
     388
     364
     354
     396
     376
     383
     415
     391
     375
     400
     384
     419
     372
     359
     378
     405
     395
     393
     396
     376
     398
     344
     384
     376
     354
     387
     359
     365
     358
     417
     406
     363
     379
     366
     350
     384
     369
     350
     377
     385
     386
     381
     393
     351
     370
     375
     350
     388
     342
     357
     339
     352
     339
     351
     317
     354
     328
     340
     334
     356
     333
     329
     333
     332
     315
     326
     319
     321
     293
     270
     313
     308
     323
     276
     281
     259
     273
     276
     265
     234
     278
     270
     254
     258
     228
     221
     204
     208
     201
     194
     197
     210
     200
     185
     200
     182
     182
     199
     145
     158
     178
     179
     153
     170
     160
     158
     145
     184
     158
     163
     134
     128
     128
     122
     126
     136
     121
     126
     142
     126
     135
     103
     128
     117
     113
     103
     108
     117
     121
     109
     112
     106
     115
     128
     115
     112
      90
     102
      99
     105
     101
      95
     113
     104
     101
     104
      89
     114
     100
      66
      84
      84
      98
      81
      81
      85
      81
      80
     104
      72
      69
      74
      89
      88
      75
      82
      83
      66
      67
      76
      86
      65
      82
      79
      75
      94
      70
      79
      78
      76
      73
      75
      85
      68
      65
      66
      70
      66
      64
      71
      86
      78
      81
      85
      94
      61
      84
      86
      66
      70
      77
      88
      82
      79
      72
      87
      78
      74
     107
      84
      80
      80
      82
      88
      81
      91
      81
      65
      88
      96
      90
      83
      99
     106
      79
     108
      93
     111
     112
      99
     105
     109
      89
     118
     105
      89
      95
     107
     105
      97
     115
     130
     136
     113
     126
     128
     133
     137
     131
     127
     158
     156
     163
     150
     184
     151
     155
     208
     188
     211
     236
     266
     255
     279
     257
     283
     249
     298
     304
     341
     374
     363
     377
     480
     431
     467
     513
     512
     493
     588
     604
     593
     631
     696
     722
     749
     799
     778
     881
     889
     886
     918
    1004
     966
    1123
    1158
    1170
    1242
    1258
    1340
    1372
    1442
    1516
    1461
    1593
    1635
    1627
    1660
    1720
    1755
    1830
    1872
    1867
    1849
    1935
    2038
    1987
    1965
    2068
    1976
    2136
    2101
    2136
    2165
    2148
    2159
    2247
    2141
    2184
    2251
    2210
    2055
    2069
    2105
    2044
    2047
    2031
    2019
    2058
    1892
    1960
    1821
    1872
    1733
    1709
    1716
    1586
    1516
    1540
    1493
    1466
    1375
    1357
    1269
    1221
    1179
    1080
    1058
    1036
     991
     952
     884
     823
     788
     775
     742
     646
     631
     624
     557
     527
     463
     474
     466
     374
     383
     333
     316
     256
     321
     255
     227
     183
     178
     173
     175
     171
     127
     129
     110
     100
     100
      85
      69
      70
      60
      58
      57
      58
      46
      35
      25
      48
      26
      32
      27
      40
      22
      19
      18
      10
      13
      16
      10
      13
      12
      12
      10
       6
      10
       8
       4
      15
       5
      11
       4
       3
       8
       5
      11
       3
       3
       8
       3
       4
       2
       5
       7
       3
       4
       7
       7
       6
       2
       7
       5
       7
       4
       3
       0
       2
       6
       8
       3
       5
       5
       6
       5
      11
       6
       7
       8
       6
       3
       1
       5
       3
       3
       3
       4
      11
       7
      10
       3
       2
       5
       1
       1
       3
       3
       1
       4
       5
       3
       6
       4
       6
       5
       0
       2
       7
       2
       0
       3
       3
       9
       3
       1
       1
       2
       1
       2
       4
       6
       5
       3
       3
       5
       6
       6
       6
       6
       6
       8
       6
       3
       6
       3
       2
       4
       7
       4
       3
       2
       6
       4
       3
       5
       6
       5
       5
       3
       5
       2
       2
       6
       3
       3
       2
       4
       2
       6
       3
       2
       1
       3
       8
       2
       5
       5
       3
       1
       1
       4
       1
       4
       5
       7
      10
       2
       2
       5
       2
       2
       1
       7
       2
       2
       2
       3
       1
       0
       3
       2
       5
       4
       3
       5
       5
       1
       6
       7
       7
       1
       9
       1
       4
       4
       2
       1
       4
       4
       3
       8
       1
       6
       4
       3
       5
       5
       3
       4
       2
       3
       5
       3
       4
       0
       3
       4
       3
       4
       3
       7
       1
       2
       5
       8
       3
       7
       4
       3
       2
       5
       9
       3
       7
       4
       1
       1
       5
       3
       3
       3
       5
       8
       4
       3
       2
       2
       4
       3
       6
       1
       4
       3
       2
       4
       2
       8
       1
       4
       5
       0
       2
       2
       2
       2
       4
       2
       1
       2
       0
       2
       6
       7
       4
       0
       2
       3
       3
       2
       3
       1
       4
       4
       5
       6
       3
       1
       1
       3
       3
       1
       4
       4
       4
       3
       3
       2
       4
       3
       1
       3
       2
       4
       4
       4
       6
       3
       5
       6
       0
       3
       5
       2
       3
       2
       3
       2
       3
       1
       4
       2
       2
       1
       3
       5
       4
       1
       1
       2
       0
       3
       1
       2
       3
       1
       3
       0
       4
       0
       5
       3
       5
       4
       0
       0
       1
       3
       3
       3
       1
       4
       2
       2
       4
       2
       3
       0
       4
       6
       1
       5
       2
       3
       2
       3
       2
       2
       4
       2
       1
       3
       5
       3
       2
       2
       0
       2
       3
       5
       3
       2
       2
       2
       1
       1
       1
       2
       1
       2
       1
       0
       3
       4
       3
       5
       0
       1
       2
       1
       4
       1
       0
       3
       3
       4
       4
       0
       2
       2
       2
       5
       5
       0
       0
       4
       2
       8
       2
       3
       1
       2
       0
       0
       1
       2
       1
       2
       3
       2
       3
       4
       1
       1
       4
       3
       3
       4
       1
       3
       3
       1
       2
       2
       3
       1
       4
       4
       1
       1
       1
       1
       3
       1
       2
       1
       5
       4
       1
       0
       2
       3
       0
       0
       2
       2
       5
       1
       0
       2
       3
       1
       1
       3
       5
       1
       2
       2
       2
       3
       1
       3
       2
       3
       1
       2
       1
       1
       1
       0
       0
       4
       4
       4
       6
       1
       2
       2
       1
       4
       1
       2
       1
       1
       3
       5
       2
       2
       6
       2
       4
       0
       4
       6
       4
       4
       1
       1
       2
       1
       3
       0
       1
       5
       3
       1
       4
       1
       6
       2
       0
       3
       4
       3
       2
       1
       4
       3
       1
       1
       0
       2
       2
       2
       2
       3
       3
       2
       2
       0
       3
       1
       4
       2
       2
       2
       3
       2
       1
       2
       4
       6
       1
       2
       2
       3
       1
       5
       1
       2
       1
       1
       1
       3
       0
       2
       0
       3
       2
       2
       0
       1
       2
       0
       4
       2
       1
       1
       0
       3
       2
       2
       1
       1
       1
       2
       1
       1
       1
       2
       0
       3
       2
       1
       3
       1
       2
       1
       0
       3
       1
       0
       1
       2
       2
       1
       4
       4
       1
       0
       0
       2
       1
       0
       3
       1
       2
       1
       0
       0
       1
       1
       1
       2
       1
       0
       1
       1
       1
       0
       2
       1
       0
       2
       0
       2
       3
       1
       5
       2
       1
       0
       5
       2
       1
       3
       1
       0
       2
       1
       0
       2
       1
       1
       1
       1
       1
       2
       4
       0
       0
       1
       0
       0
       5
       3
       0
       0
       0
       0
       2
       0
       0
       1
       1
       0
       0
       0
       2
       3
       1
       2
       1
       0
       0
       1
       4
       0
       2
       0
       2
       1
       0
       1
       0
       0
       1
       0
       2
       3
       0
       0
       2
       1
       2
       3
       1
       1
       1
       2
       4
       0
       1
       1
       1
       2
       1
       1
       0
       0
       1
       0
       1
       2
       0
       2
       1
       0
       2
       2
       1
       2
       2
       2
       0
       0
       0
       1
       1
       1
       0
       0
       2
       0
       0
       1
       0
       5
       0
       0
       2
       2
       1
       1
       1
       1
       0
       2
       0
       3
       2
       0
       1
       2
       1
       1
       0
       1
       0
       0
       0
       2
       1
       3
       2
       1
       1
       2
       0
       0
       1
       1
       2
       1
       0
       1
       4
       0
       1
       1
       3
       0
       0
       1
       0
       1
       0
       0
       0
       0
       0
       1
       0
       2
       4
       3
       3
       0
       2
       1
       0
       2
       1
       1
       0
       2
       2
       1
       0
       2
       0
       1
       2
       0
       0
       1
       2
       2
       3
       0
       3
       0
       0
       1
       0
       2
       1
       2
       1
       3
       2
       2
       0
       1
       3
       2
       0
       0
       2
       3
       4
       0
       3
       3
       2
       2
       0
       0
       2
       0
       1
       1
       1
       2
       1
       3
       0
       0
       3
       1
       1
       3
       2
       2
       4
       3
       0
       0
       1
       1
       1
       5
       0
       1
       1
       4
       2
       4
       3
       3
       1
       1
       1
       3
       2
       4
       2
       1
       2
       2
       4
       4
       2
       2
       4
       3
       4
       4
       4
       3
       2
       2
       3
       2
       2
       2
       1
       3
       0
       1
       2
       2
       3
       2
       4
       2
       2
       7
       1
       3
       1
       2
       2
       1
       4
       2
       1
       1
       0
       1
       1
       0
       1
       5
       0
       1
       3
       1
       4
       1
       0
       2
       0
       0
       0
       4
       2
       3
       0
       0
       1
       1
       1
       0
       3
       1
       0
       1
       3
       1
       0
       4
       1
       4
       0
       3
       2
       0
       1
       0
       0
       2
       0
       0
       0
       1
       0
       1
       3
       2
       0
       1
       0
       0
       0
       0
       1
       0
       0
       0
       2
       0
       0
       1
       2
       0
       1
       2
       1
       0
       0
       1
       0
       0
       0
       0
       1
       0
       0
       0
       0
       0
       0
       0
       1
       0
       1
       0
       0
       0
       0
       0
       0
       0
       1
       0
       0
       0
       0
       0
       0
       0
       0
       0
       0
       0
       0
       0
       0
       0
       0
       0
       0
       0
       0
       0
       0
       0
       0
       0
       0
       0
       0
       0
       0
       0
       0
       0
       0
       0
       0
       0
       0
       0
       0
       0
       0
       0
       0
       0
       0
       0
       0
       0
       0
       0
       0
       0
       0
       0
       0
       0
       0
       0
       0
       0
       0
       0
       0
       0
       0
       0
       0
       0
       0
       0
       0
$ROI:
0
$PRESETS:
None
0
0
$ENER_FIT:
0.000000 0.000000
$MCA_CAL:
3
0.000000E+000 0.000000E+000 0.000000E+000 
$SHAPE_CAL:
3
0.000000E+000 0.000000E+000 0.000000E+000
