$SPEC_ID:
No sample description was entered.
$SPEC_REM:
DET# 1
DETDESC# LAB4C1 Easy-MCA-2k SN 20066403
AP# Maestro Version 7.01
$DATE_MEA:
11/08/2022 18:24:39
$MEAS_TIM:
54437 54477
$DATA:
0 2047
       0
       0
      46
      16
       1
       2
       1
       0
       1
       9
    3751
    3327
    3344
    3578
    3562
    3640
    3597
    3710
    3651
    3768
    3850
    3881
    3883
    3916
    4104
    4090
    4280
    4254
    4245
    4254
    4443
    4547
    4576
    4673
    4832
    4853
    5046
    5217
    5339
    5474
    5735
    5851
    5841
    5918
    6105
    6055
    6180
    6109
    6416
    6359
    6489
    6374
    6639
    6552
    6651
    6569
    6464
    6724
    6654
    6629
    6739
    6922
    7155
    7281
    7418
    7539
    7742
    8040
    8168
    8552
    8705
    8906
    9150
    9473
    9707
    9796
   10237
   10486
   10732
   11227
   11374
   12051
   12267
   12641
   13289
   13733
   13945
   14453
   14936
   15379
   15823
   16339
   16891
   17396
   17581
   18003
   18576
   18853
   19272
   19852
   20234
   20770
   21035
   21231
   21991
   22661
   22805
   23311
   23586
   24300
   24417
   24760
   25158
   25150
   25472
   25678
   25558
   25406
   25472
   25479
   25613
   25413
   25734
   25536
   25334
   25474
   25477
   25803
   25456
   25551
   25666
   26008
   25609
   25391
   25731
   25497
   25388
   25485
   25074
   25048
   25140
   24719
   24688
   24941
   24794
   24746
   24544
   24320
   24503
   24346
   24088
   24258
   24160
   23820
   23847
   23620
   23693
   23617
   23394
   23493
   23441
   23392
   23388
   23249
   23224
   23070
   22933
   22808
   22735
   22710
   22582
   22402
   22404
   22271
   22222
   22045
   21739
   22019
   21706
   21670
   21854
   21668
   21304
   21217
   21350
   21521
   20912
   20920
   20648
   20602
   20296
   20175
   20406
   20173
   20056
   20263
   19803
   19758
   19547
   19444
   19555
   18934
   18875
   18956
   18725
   18616
   18672
   18284
   18366
   18070
   18018
   17948
   17866
   17806
   17639
   17626
   17366
   17127
   16828
   16902
   16834
   16737
   16684
   16415
   16357
   16058
   16089
   15926
   16046
   15507
   15669
   15440
   15488
   15424
   15036
   15225
   14909
   14844
   14768
   14720
   14829
   14457
   14349
   14392
   14375
   14309
   14028
   14195
   14050
   13982
   13711
   13571
   13616
   13436
   13657
   13426
   13481
   13327
   13313
   13221
   13115
   12892
   13068
   12798
   12836
   12601
   12652
   12595
   12568
   12355
   12209
   12237
   11876
   11836
   11946
   12045
   11575
   11804
   11543
   11539
   11441
   11255
   11342
   11311
   11164
   11020
   10956
   11035
   10959
   10718
   10985
   10799
   10656
   10624
   10526
   10627
   10348
   10357
   10384
   10130
   10332
   10356
   10347
   10187
   10142
   10336
   10093
    9984
   10062
   10171
    9938
   10096
   10269
   10093
   10024
   10011
    9977
   10137
   10200
   10005
   10020
   10029
    9888
    9882
    9823
   10014
    9945
    9763
    9768
    9374
    9396
    9544
    9289
    9184
    8963
    9071
    8976
    8961
    8674
    8750
    8550
    8363
    8177
    8052
    7750
    7818
    7745
    7614
    7569
    7494
    7194
    7220
    7053
    7060
    6942
    6995
    6739
    6609
    6743
    6596
    6477
    6480
    6538
    6435
    6480
    6287
    6261
    6392
    6082
    6096
    6176
    6029
    6103
    6180
    6167
    5969
    6035
    5954
    5933
    5868
    6072
    5897
    5806
    5791
    5792
    5761
    5804
    5775
    5780
    5644
    5641
    5740
    5697
    5565
    5632
    5708
    5558
    5461
    5572
    5404
    5503
    5457
    5328
    5419
    5418
    5209
    5130
    5249
    5186
    5014
    5068
    5062
    4990
    4947
    4827
    4704
    4661
    4808
    4835
    4657
    4670
    4756
    4588
    4495
    4408
    4448
    4342
    4262
    4309
    4326
    4335
    4320
    4174
    4318
    4195
    4233
    4129
    4263
    4069
    4156
    4217
    4162
    4213
    4105
    4113
    4204
    4077
    4202
    4240
    4342
    4177
    4297
    4245
    4157
    4260
    4276
    4209
    4333
    4275
    4200
    4171
    4347
    4104
    4218
    4327
    4166
    4304
    4178
    4199
    4260
    4078
    4217
    4165
    4080
    4086
    4053
    4048
    4008
    3907
    3896
    3874
    3846
    3858
    3777
    3687
    3512
    3557
    3694
    3589
    3530
    3368
    3347
    3416
    3268
    3303
    3169
    3116
    3155
    3034
    2983
    3095
    2938
    2937
    2803
    2844
    2777
    2848
    2802
    2810
    2720
    2573
    2739
    2635
    2596
    2512
    2571
    2564
    2513
    2525
    2511
    2435
    2420
    2530
    2407
    2377
    2422
    2342
    2390
    2482
    2309
    2335
    2351
    2263
    2251
    2321
    2287
    2372
    2263
    2341
    2221
    2254
    2220
    2226
    2236
    2215
    2207
    2152
    2229
    2203
    2218
    2100
    2123
    2140
    2040
    2068
    2103
    2167
    2043
    2066
    2129
    2105
    2091
    2098
    2073
    2064
    2056
    1994
    2031
    2051
    2013
    1979
    1935
    1976
    1888
    2035
    2030
    1940
    1956
    1917
    2005
    1884
    1913
    1827
    1909
    1887
    1866
    1917
    1852
    1772
    1836
    1879
    1764
    1792
    1921
    1819
    1874
    1777
    1809
    1798
    1852
    1766
    1858
    1775
    1791
    1815
    1801
    1781
    1677
    1749
    1800
    1784
    1816
    1783
    1730
    1648
    1751
    1775
    1716
    1669
    1704
    1712
    1686
    1832
    1692
    1671
    1717
    1702
    1694
    1650
    1665
    1675
    1630
    1718
    1741
    1689
    1696
    1687
    1581
    1637
    1631
    1733
    1664
    1637
    1648
    1634
    1605
    1620
    1587
    1623
    1668
    1665
    1609
    1588
    1522
    1661
    1618
    1589
    1636
    1581
    1643
    1599
    1587
    1684
    1611
    1592
    1643
    1628
    1620
    1583
    1574
    1686
    1637
    1607
    1639
    1499
    1598
    1522
    1612
    1539
    1611
    1616
    1580
    1581
    1513
    1587
    1591
    1462
    1528
    1589
    1510
    1513
    1510
    1534
    1587
    1499
    1503
    1459
    1468
    1501
    1514
    1421
    1471
    1379
    1411
    1442
    1336
    1385
    1415
    1397
    1395
    1368
    1366
    1327
    1365
    1334
    1332
    1389
    1352
    1290
    1331
    1336
    1354
    1282
    1406
    1380
    1261
    1350
    1303
    1334
    1326
    1324
    1327
    1378
    1304
    1292
    1354
    1334
    1326
    1401
    1287
    1385
    1305
    1370
    1384
    1367
    1350
    1431
    1349
    1417
    1395
    1435
    1380
    1454
    1457
    1400
    1440
    1445
    1500
    1461
    1497
    1524
    1523
    1543
    1470
    1591
    1484
    1556
    1639
    1629
    1582
    1565
    1650
    1621
    1548
    1589
    1628
    1594
    1621
    1590
    1644
    1621
    1611
    1718
    1617
    1659
    1724
    1664
    1694
    1639
    1775
    1713
    1769
    1661
    1739
    1657
    1700
    1640
    1629
    1583
    1616
    1601
    1658
    1595
    1644
    1639
    1642
    1618
    1531
    1599
    1559
    1530
    1530
    1527
    1515
    1522
    1540
    1520
    1472
    1388
    1371
    1378
    1387
    1368
    1356
    1298
    1316
    1305
    1236
    1269
    1251
    1253
    1243
    1187
    1181
    1120
    1210
    1179
    1083
    1101
    1112
    1026
    1084
    1059
    1031
    1054
    1039
     971
     965
    1036
     990
     984
     904
     949
     899
     964
     870
     937
     956
     892
     837
     910
     891
     882
     883
     857
     834
     811
     849
     877
     902
     820
     861
     798
     779
     808
     808
     817
     829
     772
     836
     804
     802
     871
     771
     835
     847
     829
     801
     754
     782
     780
     784
     747
     801
     827
     758
     789
     807
     763
     813
     805
     829
     824
     726
     761
     769
     775
     764
     718
     765
     788
     847
     760
     731
     761
     765
     753
     742
     776
     756
     735
     731
     785
     750
     787
     781
     746
     755
     771
     726
     790
     766
     694
     723
     770
     757
     746
     718
     752
     796
     792
     718
     736
     718
     720
     771
     749
     724
     701
     772
     741
     740
     754
     768
     735
     727
     728
     739
     719
     798
     793
     721
     724
     793
     674
     773
     710
     725
     723
     698
     717
     718
     745
     774
     742
     688
     734
     717
     716
     706
     722
     700
     752
     719
     753
     788
     721
     699
     772
     720
     739
     687
     769
     757
     758
     771
     654
     729
     747
     663
     682
     729
     674
     710
     688
     731
     717
     678
     718
     731
     673
     743
     697
     688
     731
     689
     701
     698
     687
     698
     700
     690
     675
     667
     699
     658
     698
     630
     661
     663
     678
     618
     668
     723
     643
     686
     670
     649
     640
     726
     670
     648
     674
     652
     661
     657
     659
     680
     653
     672
     654
     655
     616
     659
     623
     656
     638
     649
     645
     631
     646
     591
     632
     644
     628
     685
     624
     598
     618
     630
     653
     653
     604
     575
     594
     574
     637
     604
     599
     572
     600
     589
     607
     582
     592
     577
     604
     529
     565
     587
     549
     557
     540
     551
     593
     564
     619
     539
     574
     587
     591
     616
     558
     597
     608
     595
     563
     579
     586
     661
     580
     596
     534
     579
     564
     571
     567
     549
     555
     551
     581
     534
     614
     562
     599
     560
     566
     619
     566
     517
     581
     574
     536
     601
     567
     581
     536
     577
     585
     594
     597
     587
     607
     576
     581
     561
     615
     578
     558
     619
     566
     575
     613
     606
     611
     622
     601
     595
     641
     621
     590
     623
     644
     619
     580
     610
     661
     618
     638
     623
     684
     634
     631
     608
     638
     681
     646
     620
     647
     638
     650
     689
     630
     629
     657
     664
     632
     612
     683
     642
     620
     658
     622
     649
     635
     661
     626
     645
     647
     629
     627
     640
     651
     576
     608
     654
     669
     644
     656
     638
     667
     684
     568
     648
     605
     620
     590
     615
     628
     616
     564
     555
     599
     642
     622
     619
     562
     634
     602
     599
     611
     560
     578
     588
     592
     636
     597
     603
     594
     604
     536
     594
     574
     655
     557
     587
     589
     615
     553
     594
     582
     619
     544
     574
     564
     584
     604
     577
     564
     546
     537
     565
     546
     576
     554
     578
     598
     562
     552
     525
     537
     500
     482
     541
     518
     542
     575
     526
     506
     485
     558
     523
     473
     504
     498
     489
     474
     460
     477
     488
     485
     504
     469
     465
     454
     486
     448
     506
     485
     427
     465
     479
     454
     483
     427
     443
     439
     431
     426
     433
     446
     445
     421
     458
     408
     400
     456
     436
     431
     400
     392
     457
     403
     414
     414
     415
     439
     397
     433
     393
     435
     442
     419
     390
     416
     368
     424
     413
     397
     410
     389
     417
     376
     364
     394
     442
     441
     416
     399
     381
     370
     391
     425
     405
     421
     394
     412
     359
     424
     380
     394
     403
     413
     409
     388
     395
     424
     391
     352
     398
     411
     404
     360
     383
     379
     377
     408
     391
     442
     435
     422
     393
     380
     419
     395
     385
     390
     396
     410
     429
     459
     426
     421
     445
     460
     451
     427
     439
     416
     413
     422
     399
     420
     394
     441
     426
     439
     484
     458
     464
     409
     444
     422
     373
     439
     411
     453
     425
     447
     462
     462
     469
     464
     475
     461
     410
     450
     413
     448
     489
     463
     471
     437
     504
     431
     460
     470
     495
     466
     481
     464
     474
     495
     456
     467
     510
     472
     479
     470
     429
     469
     477
     446
     451
     476
     438
     441
     477
     452
     479
     452
     440
     471
     470
     461
     464
     437
     457
     451
     423
     418
     435
     471
     419
     423
     453
     468
     474
     417
     449
     427
     445
     417
     443
     422
     444
     437
     414
     439
     422
     363
     424
     431
     404
     364
     403
     412
     353
     413
     445
     399
     382
     426
     379
     374
     418
     369
     399
     400
     366
     388
     376
     363
     375
     387
     365
     368
     388
     346
     376
     381
     373
     380
     358
     350
     340
     351
     346
     320
     379
     341
     358
     340
     339
     386
     340
     306
     354
     323
     338
     350
     327
     336
     335
     375
     375
     316
     327
     359
     360
     305
     341
     347
     334
     312
     347
     334
     329
     337
     340
     342
     335
     355
     288
     312
     308
     320
     344
     311
     357
     307
     297
     293
     310
     315
     290
     341
     327
     316
     305
     305
     333
     300
     299
     270
     280
     309
     316
     283
     290
     315
     288
     274
     282
     284
     286
     283
     297
     286
     303
     261
     260
     273
     287
     308
     283
     265
     278
     241
     249
     254
     267
     247
     254
     256
     268
     290
     266
     264
     261
     242
     262
     259
     254
     276
     252
     260
     259
     241
     224
     222
     223
     239
     215
     245
     199
     233
     214
     252
     218
     235
     222
     220
     215
     213
     220
     242
     240
     213
     217
     229
     220
     204
     206
     195
     212
     199
     208
     207
     204
     199
     188
     211
     212
     185
     187
     189
     212
     198
     185
     204
     193
     204
     192
     186
     204
     194
     183
     190
     173
     181
     194
     193
     171
     205
     166
     178
     164
     178
     163
     192
     179
     185
     186
     182
     191
     193
     185
     173
     192
     197
     169
     178
     163
     165
     166
     176
     207
     180
     183
     180
     199
     181
     210
     176
     173
     176
     173
     175
     179
     200
     188
     158
     182
     186
     185
     185
     180
     197
     180
     192
     191
     184
     173
     195
     183
     182
     164
     200
     183
     196
     183
     202
     181
     189
     222
     211
     211
     186
     184
     214
     203
     201
     194
     196
     210
     200
     181
     213
     199
     226
     201
     234
     202
     220
     216
     208
     217
     241
     218
     216
     271
     229
     210
     236
     251
     228
     249
     248
     234
     271
     253
     258
     249
     249
     240
     286
     267
     276
     264
     290
     292
     282
     284
     304
     305
     326
     298
     339
     332
     318
     345
     360
     326
     365
     332
     361
     348
     351
     349
     363
     373
     396
     392
     405
     430
     397
     435
     433
     437
     445
     433
     467
     453
     437
     453
     487
     464
     461
     501
     515
     520
     486
     510
     520
     523
     533
     541
     540
     544
     529
     581
     538
     548
     578
     620
     603
     661
     591
     605
     618
     604
     657
     624
     647
     629
     631
     646
     629
     646
     653
     663
     648
     654
     642
     603
     622
     663
     641
     647
     649
     644
     644
     655
     614
     626
     648
     606
     582
     638
     618
     586
     612
     620
     633
     614
     579
     538
     547
     553
     566
     679
     605
     604
     594
     562
     528
     551
     568
     496
     530
     542
     527
     508
     503
     514
     441
     501
     481
     479
     439
     480
     374
     447
     404
     405
     427
     403
     400
     377
     381
     362
     367
     369
     356
     349
     337
     377
     326
     338
     304
     302
     288
     294
     303
     272
     260
     262
     280
     255
     237
     238
     248
     244
     227
     234
     224
     218
     216
     191
     209
     226
     199
     218
     226
     174
     191
     179
     171
     166
     167
     173
     168
     155
     162
     184
     168
     151
     130
      29
       1
       0
       0
       0
       1
       0
       0
       0
       0
       0
       0
       0
       0
       0
       0
       0
       0
       0
       0
       0
       0
       0
       0
       0
       0
       0
       0
       0
       0
       0
       0
       0
       0
       0
       0
       0
       0
       0
       0
       0
       0
       0
       0
       0
       0
       0
       0
       0
       0
       0
       0
       0
       0
       0
       0
       0
       0
       0
       0
       0
       0
       0
       0
       0
       0
       0
       0
       0
       0
       0
       0
       0
       0
       0
       0
       0
       0
       0
$ROI:
1
788 929
$PRESETS:
None
0
0
$ENER_FIT:
0.000000 0.000000
$MCA_CAL:
3
0.000000E+000 0.000000E+000 0.000000E+000 
$SHAPE_CAL:
3
0.000000E+000 0.000000E+000 0.000000E+000
